time (s)	coil I (A)	last det (V)	int current (uC)
7086.194735	1.271968	-0.034184	661.423218
7086.195818	1.724073	-0.034184	2528.594727
7086.196755	1.685812	-0.034184	4108.200195
7086.197625	1.638644	-0.034184	5533.820312
7086.198708	1.584496	-0.034184	7249.829102
7086.199721	1.534889	-0.034184	8804.671875
7086.200617	1.492625	-0.034184	10142.063477
7086.201616	0.577885	-0.034184	10719.370117
7086.202664	0.090879	-0.034184	10814.611328
7086.203574	0.090505	-0.034184	10896.971680
7086.204432	0.090619	-0.034184	10974.722656
7086.205526	0.090674	-0.034184	11073.919922
7086.206492	0.090593	-0.034184	11161.432617
7086.207371	0.090520	-0.034184	11241.000000
7086.208390	0.090663	-0.034184	11333.385742
7086.209431	0.090590	-0.034184	11427.689453
7086.210308	0.090568	-0.034184	11507.117187
7086.211180	0.090637	-0.034184	11586.152344
7087.290300	1.196704	-0.062946	505.009155
7087.291247	1.718818	-0.062946	2132.730225
7087.292323	1.691386	-0.062946	3952.661133
7087.293267	1.641833	-0.062946	5502.551758
7087.294142	1.595914	-0.062946	6898.976562
7087.295201	1.544399	-0.062946	8534.495117
7087.296219	1.496360	-0.062946	10057.789062
7087.297107	0.790291	-0.062946	10759.567383
7087.298071	0.097042	-0.062946	10853.116211
7087.299131	0.090637	-0.062946	10949.191406
7087.300055	0.090546	-0.062946	11032.855469
7087.300920	0.090656	-0.062946	11111.272461
7087.301986	0.090692	-0.062946	11207.950195
7087.302968	0.090597	-0.062946	11296.916016
7087.303851	0.090546	-0.062946	11376.868164
7087.304845	0.090699	-0.062946	11467.023437
7087.305899	0.090648	-0.062946	11562.566406
7087.306798	0.090612	-0.062946	11644.026367
7088.239571	1.233677	-0.035944	548.986145
7088.240451	1.721968	-0.035944	2064.317871
7088.241449	1.697919	-0.035944	3758.840820
7088.242512	1.642181	-0.035944	5504.479492
7088.243415	1.594900	-0.035944	6944.673828
7088.244281	1.549984	-0.035944	8286.959961
7088.245405	1.498942	-0.035944	9971.770508
7088.246378	0.763861	-0.035944	10715.007812
7088.247246	0.095885	-0.035944	10798.236328
7088.248281	0.090670	-0.035944	10892.080078
7088.249297	0.090637	-0.035944	10984.167969
7088.250181	0.090626	-0.035944	11064.281250
7088.251062	0.090699	-0.035944	11144.187500
7088.252155	0.090743	-0.035944	11243.370117
7088.253103	0.090641	-0.035944	11329.297852
7088.253962	0.090641	-0.035944	11407.158203
7088.255008	0.090645	-0.035944	11501.972656
7088.256036	0.090619	-0.035944	11595.128906
7089.316788	1.187080	-0.053363	498.573608
7089.317731	1.718632	-0.053363	2119.243164
7089.318799	1.692407	-0.053363	3926.734131
7089.319745	1.642236	-0.053363	5480.289551
7089.320615	1.596801	-0.053363	6869.505859
7089.321685	1.545051	-0.053363	8522.710937
7089.322692	1.497323	-0.053363	10030.515625
7089.323586	0.811432	-0.053363	10755.935547
7089.324575	0.097606	-0.053363	10852.467773
7089.325625	0.090634	-0.053363	10947.632812
7089.326524	0.090564	-0.053363	11029.049805
7089.327380	0.090667	-0.053363	11106.660156
7089.328453	0.090732	-0.053363	11204.015625
7089.329451	0.090612	-0.053363	11294.446289
7089.330320	0.090535	-0.053363	11373.121094
7089.331290	0.090688	-0.053363	11461.088867
7089.332342	0.090615	-0.053363	11556.416016
7089.333240	0.090586	-0.053363	11637.761719
7090.285094	1.304517	-0.035900	675.739563
7090.286098	1.725674	-0.035900	2408.316162
7090.286977	1.693107	-0.035900	3896.556885
7090.287991	1.640420	-0.035900	5559.942871
7090.289044	1.586895	-0.035900	7230.942871
7090.289927	1.542623	-0.035900	8593.079102
7090.290814	1.499235	-0.035900	9922.900391
7090.291911	0.658912	-0.035900	10645.727539
7090.292861	0.091879	-0.035900	10733.012695
7090.293721	0.090593	-0.035900	10810.922852
7090.294744	0.090699	-0.035900	10903.708008
7090.295774	0.090652	-0.035900	10997.079102
7090.296658	0.090615	-0.035900	11077.182617
7090.297581	0.090656	-0.035900	11160.857422
7090.298651	0.090699	-0.035900	11257.906250
7090.299596	0.090685	-0.035900	11343.603516
7090.300463	0.090656	-0.035900	11422.202148
7090.301504	0.090692	-0.035900	11516.612305
7091.343801	1.201846	-0.049496	507.178925
7091.344868	1.723396	-0.049496	2346.042480
7091.345875	1.688137	-0.049496	4045.996582
7091.346771	1.641083	-0.049496	5516.406738
7091.347761	1.590758	-0.049496	7091.256836
7091.348822	1.538774	-0.049496	8723.896484
7091.349736	1.495162	-0.049496	10090.474609
7091.350607	0.759822	-0.049496	10752.279297
7091.351723	0.091956	-0.049496	10854.901367
7091.352685	0.090623	-0.049496	10942.080078
7091.353549	0.090568	-0.049496	11020.330078
7091.354634	0.090656	-0.049496	11118.691406
7091.355677	0.090615	-0.049496	11213.203125
7091.356567	0.090582	-0.049496	11293.821289
7091.357496	0.090674	-0.049496	11378.057617
7091.358553	0.090703	-0.049496	11473.930664
7091.359492	0.090582	-0.049496	11558.987305
7091.360353	0.090542	-0.049496	11636.944336
7092.328469	1.283280	-0.033350	646.773132
7092.329403	1.725436	-0.033350	2258.330322
7092.330274	1.697519	-0.033350	3736.869629
7092.331334	1.641793	-0.033350	5477.170410
7092.332364	1.589191	-0.033350	7114.036621
7092.333258	1.545520	-0.033350	8495.731445
7092.334225	1.499945	-0.033350	9946.178711
7092.335293	0.651929	-0.033350	10642.438477
7092.336215	0.092256	-0.033350	10727.498047
7092.337078	0.090597	-0.033350	10805.683594
7092.338159	0.090776	-0.033350	10903.812500
7092.339142	0.090601	-0.033350	10992.873047
7092.340024	0.090652	-0.033350	11072.828125
7092.341015	0.090747	-0.033350	11162.758789
7092.342070	0.090656	-0.033350	11258.400391
7092.342962	0.090557	-0.033350	11339.176758
7092.343881	0.090579	-0.033350	11422.418945
7092.344746	0.090626	-0.033350	11500.810547
7093.375944	1.206178	-0.047582	527.099792
7093.376814	1.720305	-0.047582	2023.765137
7093.377679	1.704371	-0.047582	3498.046387
7093.378716	1.651073	-0.047582	5210.208984
7093.379624	1.603586	-0.047582	6666.265625
7093.380505	1.559531	-0.047582	8040.212891
7093.381395	1.515828	-0.047582	9389.299805
7093.382448	1.190541	-0.047582	10642.939453
7093.383339	0.138560	-0.047582	10766.396484
7093.384215	0.090494	-0.047582	10845.669922
7093.385221	0.090688	-0.047582	10936.902344
7093.386135	0.090568	-0.047582	11019.681641
7093.387058	0.090549	-0.047582	11103.258789
7093.387913	0.090626	-0.047582	11180.744141
7093.388930	0.090542	-0.047582	11272.825195
7093.389823	0.090648	-0.047582	11353.774414
7093.390694	0.090524	-0.047582	11432.620117
7093.391653	0.090699	-0.047582	11519.600586
7094.370230	1.191628	-0.036835	501.675568
7094.371216	1.719360	-0.036835	2196.964844
7094.372234	1.692125	-0.036835	3919.548340
7094.373130	1.644646	-0.036835	5393.151367
7094.373995	1.598474	-0.036835	6775.831543
7094.375085	1.546630	-0.036835	8461.658203
7094.376009	1.502571	-0.036835	9850.033203
7094.376894	1.009263	-0.036835	10743.230469
7094.377891	0.110654	-0.036835	10853.552734
7094.378890	0.090557	-0.036835	10944.018555
7094.379776	0.090612	-0.036835	11024.300781
7094.380631	0.090714	-0.036835	11101.861328
7094.381709	0.090703	-0.036835	11199.639648
7094.382626	0.090677	-0.036835	11282.791016
7094.383505	0.090732	-0.036835	11362.544922
7094.384480	0.090780	-0.036835	11451.055664
7094.385506	0.090667	-0.036835	11544.079102
7094.386393	0.090667	-0.036835	11624.500000
7095.412687	1.218721	-0.046458	535.018372
7095.413548	1.718965	-0.046458	2015.047119
7095.414647	1.692590	-0.046458	3875.203613
7095.415623	1.641885	-0.046458	5477.683105
7095.416497	1.597035	-0.046458	6873.491699
7095.417552	1.544740	-0.046458	8503.192383
7095.418600	1.495580	-0.046458	10070.560547
7095.419498	0.752538	-0.046458	10746.339844
7095.420435	0.096251	-0.046458	10836.527344
7095.421505	0.090641	-0.046458	10933.512695
7095.422437	0.090648	-0.046458	11017.997070
7095.423304	0.090659	-0.046458	11096.598633
7095.424363	0.090736	-0.046458	11192.688477
7095.425374	0.090681	-0.046458	11284.367187
7095.426264	0.090710	-0.046458	11365.099609
7095.427213	0.090699	-0.046458	11451.173828
7095.428263	0.090663	-0.046458	11546.370117
7095.429182	0.090648	-0.046458	11629.675781
7096.407035	1.235651	-0.045274	605.468811
7096.408106	1.723967	-0.045274	2451.837646
7096.409048	1.687954	-0.045274	4041.890381
7096.409915	1.641072	-0.045274	5464.699707
7096.410995	1.586869	-0.045274	7178.518066
7096.412009	1.537174	-0.045274	8737.212891
7096.412907	1.494646	-0.045274	10079.405273
7096.413886	0.654694	-0.045274	10720.350586
7096.414930	0.091534	-0.045274	10815.912109
7096.415835	0.090630	-0.045274	10897.932617
7096.416695	0.090729	-0.045274	10975.958984
7096.417774	0.090740	-0.045274	11073.867187
7096.418769	0.090608	-0.045274	11164.022461
7096.419643	0.090656	-0.045274	11243.255859
7096.420658	0.090813	-0.045274	11335.430664
7096.421702	0.090703	-0.045274	11430.125000
7096.422596	0.090623	-0.045274	11511.141602
7096.423453	0.090703	-0.045274	11588.874023
7097.451994	1.238848	-0.051437	558.720276
7097.452871	1.721268	-0.051437	2068.272461
7097.453883	1.697040	-0.051437	3785.676758
7097.454929	1.641943	-0.051437	5503.149414
7097.455833	1.594753	-0.051437	6944.806641
7097.456697	1.549819	-0.051437	8283.850586
7097.457811	1.499355	-0.051437	9954.132812
7097.458780	0.790646	-0.051437	10720.268555
7097.459642	0.097137	-0.051437	10804.000977
7097.460691	0.090674	-0.051437	10899.118164
7097.461737	0.090623	-0.051437	10993.909180
7097.462616	0.090546	-0.051437	11073.499023
7097.463532	0.090677	-0.051437	11156.559570
7097.464601	0.090630	-0.051437	11253.443359
7097.465534	0.090568	-0.051437	11337.943359
7097.466398	0.090546	-0.051437	11416.174805
7097.467420	0.090670	-0.051437	11508.839844
7097.468452	0.090674	-0.051437	11602.415039
7098.439617	1.196067	-0.044247	505.936279
7098.440671	1.723033	-0.044247	2322.013672
7098.441699	1.688049	-0.044247	4057.328369
7098.442597	1.639955	-0.044247	5530.007812
7098.443564	1.591454	-0.044247	7068.943848
7098.444615	1.539269	-0.044247	8686.715820
7098.445535	1.495569	-0.044247	10062.638672
7098.446403	0.811538	-0.044247	10767.053711
7098.447450	0.093750	-0.044247	10865.209961
7098.448456	0.090553	-0.044247	10956.306641
7098.449328	0.090630	-0.044247	11035.335937
7098.450303	0.090634	-0.044247	11123.704102
7098.451361	0.090626	-0.044247	11219.586914
7098.452255	0.090575	-0.044247	11300.560547
7098.453120	0.090626	-0.044247	11378.952148
7098.454183	0.090802	-0.044247	11475.474609
7098.455190	0.090626	-0.044247	11566.735352
7098.456082	0.090623	-0.044247	11647.570312
7099.491346	1.278464	-0.053073	643.067566
7099.492232	1.724037	-0.053073	2170.564209
7099.493106	1.697498	-0.053073	3654.177246
7099.494218	1.641105	-0.053073	5479.085937
7099.495205	1.591066	-0.053073	7049.467773
7099.496079	1.547816	-0.053073	8402.258789
7099.497147	1.497224	-0.053073	10001.293945
7099.498186	0.617516	-0.053073	10642.892578
7099.499077	0.092391	-0.053073	10725.212891
7099.499993	0.090667	-0.053073	10808.263672
7099.501064	0.090732	-0.053073	10905.438477
7099.502012	0.090674	-0.053073	10991.397461
7099.502878	0.090670	-0.053073	11069.917969
7099.503926	0.090813	-0.053073	11165.089844
7099.504940	0.090630	-0.053073	11256.988281
7099.505829	0.090623	-0.053073	11337.551758
7099.506783	0.090747	-0.053073	11424.124023
7099.507827	0.090677	-0.053073	11518.791016
7100.475341	1.219563	-0.039421	535.388123
7100.476207	1.720008	-0.039421	2024.915527
7100.477290	1.693751	-0.039421	3859.248047
7100.478301	1.640145	-0.039421	5517.434570
7100.479183	1.594794	-0.039421	6924.042480
7100.480180	1.546758	-0.039421	8466.160156
7100.481241	1.496334	-0.039421	10053.770508
7100.482145	0.765399	-0.039421	10745.691406
7100.483002	0.096566	-0.039421	10828.448242
7100.484082	0.090765	-0.039421	10926.474609
7100.485065	0.090677	-0.039421	11015.610352
7100.485943	0.090674	-0.039421	11095.221680
7100.486949	0.090703	-0.039421	11186.468750
7100.488007	0.090696	-0.039421	11282.424805
7100.488894	0.090652	-0.039421	11362.833008
7100.489772	0.090703	-0.039421	11442.470703
7100.490880	0.090813	-0.039421	11543.091797
7100.491847	0.090623	-0.039421	11630.723633
7101.528050	1.260996	-0.053894	605.278137
7101.528928	1.722730	-0.053894	2117.834717
7101.529881	1.697747	-0.053894	3735.787109
7101.530953	1.641156	-0.053894	5495.106445
7101.531891	1.592955	-0.053894	6989.298340
7101.532759	1.549534	-0.053894	8334.293945
7101.533838	1.499092	-0.053894	9951.814453
7101.534844	0.716715	-0.053894	10672.830078
7101.535732	0.094318	-0.053894	10756.583984
7101.536698	0.090707	-0.053894	10844.207031
7101.537765	0.090659	-0.053894	10940.940430
7101.538683	0.090601	-0.053894	11024.111328
7101.539544	0.090601	-0.053894	11102.118164
7101.540624	0.090780	-0.053894	11200.160156
7101.541625	0.090546	-0.053894	11290.795898
7101.542500	0.090590	-0.053894	11370.061523
7101.543507	0.090732	-0.053894	11461.428711
7101.544563	0.090546	-0.053894	11557.044922
7102.511132	1.288067	-0.036246	660.778137
7102.512013	1.724095	-0.036246	2179.706299
7102.512886	1.697439	-0.036246	3661.570557
7102.513991	1.641548	-0.036246	5475.480957
7102.514947	1.592611	-0.036246	6998.017090
7102.515813	1.549651	-0.036246	8340.014648
7102.516867	1.500417	-0.036246	9921.455078
7102.517912	0.706007	-0.036246	10659.232422
7102.518785	0.094171	-0.036246	10741.443359
7102.519686	0.090688	-0.036246	10823.153320
7102.520759	0.090743	-0.036246	10920.521484
7102.521712	0.090677	-0.036246	11006.937500
7102.522577	0.090740	-0.036246	11085.427734
7102.523603	0.090864	-0.036246	11178.654297
7102.524636	0.090714	-0.036246	11272.362305
7102.525526	0.090656	-0.036246	11353.045898
7102.526486	0.090677	-0.036246	11440.096680
7102.527531	0.090780	-0.036246	11534.961914
7103.565754	1.191035	-0.051816	503.807861
7103.566761	1.721484	-0.051816	2237.342529
7103.567809	1.689034	-0.051816	4007.450684
7103.568699	1.641724	-0.051816	5468.584961
7103.569648	1.593164	-0.051816	6980.497559
7103.570721	1.540565	-0.051816	8633.523437
7103.571661	1.495946	-0.051816	10039.712891
7103.572532	0.821799	-0.051816	10755.500000
7103.573598	0.093263	-0.051816	10854.917969
7103.574606	0.090736	-0.051816	10946.379883
7103.575492	0.090721	-0.051816	11026.758789
7103.576447	0.090670	-0.051816	11113.348633
7103.577508	0.090780	-0.051816	11209.666016
7103.578427	0.090619	-0.051816	11292.944336
7103.579288	0.090714	-0.051816	11371.048828
7103.580361	0.090762	-0.051816	11468.436523
7103.581348	0.090663	-0.051816	11557.920898
7103.582226	0.090527	-0.051816	11637.404297
7104.546849	1.290524	-0.038643	663.329163
7104.547854	1.725110	-0.038643	2397.064453
7104.548740	1.692418	-0.038643	3896.546875
7104.549733	1.640911	-0.038643	5525.971191
7104.550784	1.587026	-0.038643	7193.936035
7104.551691	1.541938	-0.038643	8592.474609
7104.552552	1.499784	-0.038643	9883.789062
7104.553642	0.693929	-0.038643	10640.171875
7104.554640	0.091721	-0.038643	10731.709961
7104.555515	0.090615	-0.038643	10810.998047
7104.556514	0.090798	-0.038643	10901.706055
7104.557564	0.090688	-0.038643	10996.928711
7104.558460	0.090729	-0.038643	11078.221680
7104.559328	0.090688	-0.038643	11156.939453
7104.560447	0.090780	-0.038643	11258.522461
7104.561407	0.090560	-0.038643	11345.459961
7104.562275	0.090674	-0.038643	11424.165039
7104.563285	0.090776	-0.038643	11515.849609
7105.600028	1.285591	-0.047864	653.080139
7105.601053	1.724762	-0.047864	2420.961182
7105.601938	1.691649	-0.047864	3918.070801
7105.602926	1.640490	-0.047864	5538.874512
7105.603986	1.585873	-0.047864	7219.899414
7105.604902	1.540979	-0.047864	8631.436523
7105.605764	1.498766	-0.047864	9923.373047
7105.606861	0.654921	-0.047864	10641.821289
7105.607850	0.091406	-0.047864	10732.221680
7105.608720	0.090656	-0.047864	10811.091797
7105.609708	0.090824	-0.047864	10900.826172
7105.610762	0.090663	-0.047864	10996.384766
7105.611666	0.090593	-0.047864	11078.281250
7105.612525	0.090674	-0.047864	11156.169922
7105.613625	0.090692	-0.047864	11255.931641
7105.614600	0.090579	-0.047864	11344.246094
7105.615462	0.090575	-0.047864	11422.321289
7105.616510	0.090747	-0.047864	11517.423828
7106.586131	1.258920	-0.046700	647.084717
7106.587182	1.723253	-0.046700	2458.223633
7106.588115	1.687577	-0.046700	4032.732910
7106.588987	1.639933	-0.046700	5462.754395
7106.590077	1.585470	-0.046700	7190.916504
7106.591073	1.537284	-0.046700	8722.050781
7106.591966	1.494836	-0.046700	10056.939453
7106.592967	0.636848	-0.046700	10694.424805
7106.594018	0.091278	-0.046700	10790.358398
7106.594917	0.090659	-0.046700	10871.861328
7106.595774	0.090758	-0.046700	10949.640625
7106.596877	0.090732	-0.046700	11049.718750
7106.597837	0.090626	-0.046700	11136.719727
7106.598694	0.090630	-0.046700	11214.389648
7106.599770	0.090813	-0.046700	11312.104492
7106.600806	0.090648	-0.046700	11406.015625
7106.601689	0.090667	-0.046700	11486.074219
7106.602589	0.090681	-0.046700	11567.687500
7107.634157	1.260458	-0.049214	597.456970
7107.635039	1.721898	-0.049214	2116.171143
7107.635912	1.701621	-0.049214	3601.686279
7107.636890	1.651124	-0.049214	5216.485840
7107.637848	1.600990	-0.049214	6750.234375
7107.638772	1.555613	-0.049214	8187.620605
7107.639637	1.513847	-0.049214	9497.097656
7107.640669	1.140630	-0.049214	10674.227539
7107.641564	0.130356	-0.049214	10790.896484
7107.642436	0.090520	-0.049214	10869.830078
7107.643336	0.090615	-0.049214	10951.383789
7107.644358	0.090586	-0.049214	11043.962891
7107.645245	0.090535	-0.049214	11124.267578
7107.646119	0.090560	-0.049214	11203.416992
7107.647119	0.090692	-0.049214	11294.109375
7107.648049	0.090531	-0.049214	11378.302734
7107.648977	0.090582	-0.049214	11462.363281
7107.649833	0.090637	-0.049214	11539.949219
7108.625339	1.194144	-0.044368	505.123016
7108.626383	1.721876	-0.044368	2302.761719
7108.627414	1.688119	-0.044368	4043.212158
7108.628293	1.640233	-0.044368	5484.977051
7108.629210	1.593420	-0.044368	6946.143555
7108.630095	1.549255	-0.044368	8317.234375
7108.631092	1.503387	-0.044368	9816.111328
7108.632030	0.963098	-0.044368	10719.497070
7108.632916	0.104495	-0.044368	10812.079102
7108.633825	0.090520	-0.044368	10894.361328
7108.634778	0.090645	-0.044368	10980.745117
7108.635700	0.090612	-0.044368	11064.289062
7108.636567	0.090648	-0.044368	11142.880859
7108.637584	0.090615	-0.044368	11235.036133
7108.638465	0.090645	-0.044368	11314.893555
7108.639370	0.090604	-0.044368	11396.890625
7108.640243	0.090601	-0.044368	11475.985352
7108.641232	0.090604	-0.044368	11565.592773
7109.669909	1.296610	-0.048940	665.161011
7109.670880	1.724703	-0.048940	2339.847900
7109.671757	1.694315	-0.048940	3825.762207
7109.672626	1.646052	-0.048940	5256.181641
7109.673751	1.591740	-0.048940	7046.888672
7109.674632	1.547618	-0.048940	8410.340820
7109.675496	1.506387	-0.048940	9711.859375
7109.676557	0.880756	-0.048940	10646.340820
7109.677511	0.096456	-0.048940	10738.360352
7109.678384	0.090527	-0.048940	10817.390625
7109.679248	0.090696	-0.048940	10895.751953
7109.680360	0.090677	-0.048940	10996.584961
7109.681265	0.090623	-0.048940	11078.598633
7109.682141	0.090656	-0.048940	11158.012695
7109.683135	0.090754	-0.048940	11248.222656
7109.684138	0.090582	-0.048940	11339.077148
7109.685029	0.090630	-0.048940	11419.828125
7109.685890	0.090663	-0.048940	11497.888672
7110.663199	1.284939	-0.039175	659.173645
7110.664148	1.724539	-0.039175	2295.760742
7110.665021	1.695751	-0.039175	3776.151123
7110.665912	1.646766	-0.039175	5243.419922
7110.667020	1.592245	-0.039175	7007.626953
7110.667914	1.547567	-0.039175	8391.152344
7110.668781	1.506482	-0.039175	9697.272461
7110.669825	0.900791	-0.039175	10637.698242
7110.670799	0.096464	-0.039175	10731.654297
7110.671675	0.090557	-0.039175	10810.981445
7110.672561	0.090718	-0.039175	10891.357422
7110.673661	0.090725	-0.039175	10991.155273
7110.674539	0.090667	-0.039175	11070.760742
7110.675398	0.090637	-0.039175	11148.618164
7110.676464	0.090747	-0.039175	11245.354492
7110.677437	0.090681	-0.039175	11333.586914
7110.678303	0.090652	-0.039175	11412.091797
7110.679158	0.090663	-0.039175	11489.608398
7111.708607	1.200139	-0.046619	513.659546
7111.709628	1.720283	-0.046619	2270.068604
7111.710613	1.690206	-0.046619	3934.921875
7111.711537	1.642236	-0.046619	5452.348145
7111.712405	1.595724	-0.046619	6837.436523
7111.713507	1.544246	-0.046619	8539.195312
7111.714402	1.501245	-0.046619	9882.809570
7111.715268	1.004037	-0.046619	10752.305664
7111.716341	0.098401	-0.046619	10857.889648
7111.717303	0.090586	-0.046619	10945.033203
7111.718170	0.090677	-0.046619	11023.650391
7111.719030	0.090718	-0.046619	11101.667969
7111.720131	0.090736	-0.046619	11201.568359
7111.721044	0.090645	-0.046619	11284.327148
7111.721915	0.090608	-0.046619	11363.247070
7111.722903	0.090813	-0.046619	11452.970703
7111.723906	0.090663	-0.046619	11543.905273
7111.724798	0.090663	-0.046619	11624.776367
7112.696344	1.289198	-0.036117	647.177368
7112.697297	1.724744	-0.036117	2290.857910
7112.698165	1.695934	-0.036117	3762.928467
7112.699217	1.640863	-0.036117	5489.116211
7112.700248	1.588162	-0.036117	7126.510742
7112.701139	1.544290	-0.036117	8502.472656
7112.702087	1.499626	-0.036117	9924.118164
7112.703167	0.661846	-0.036117	10638.911133
7112.704099	0.092399	-0.036117	10725.026367
7112.704957	0.090637	-0.036117	10802.792969
7112.706023	0.090817	-0.036117	10899.603516
7112.707030	0.090685	-0.036117	10990.922852
7112.707899	0.090703	-0.036117	11069.744141
7112.708862	0.090908	-0.036117	11157.289062
7112.709910	0.090692	-0.036117	11252.333984
7112.710827	0.090656	-0.036117	11335.464844
7112.711695	0.090732	-0.036117	11414.220703
7112.712767	0.090872	-0.036117	11511.634766
7113.750966	1.190471	-0.050213	499.997894
7113.751892	1.717383	-0.050213	2090.294434
7113.752964	1.691675	-0.050213	3903.769775
7113.753917	1.641405	-0.050213	5468.028809
7113.754788	1.596072	-0.050213	6858.207031
7113.755830	1.545114	-0.050213	8468.214844
7113.756855	1.496616	-0.050213	10002.246094
7113.757755	0.819166	-0.050213	10739.496094
7113.758707	0.098339	-0.050213	10833.114258
7113.759756	0.090688	-0.050213	10928.246094
7113.760690	0.090612	-0.050213	11012.876953
7113.761548	0.090685	-0.050213	11090.684570
7113.762608	0.090813	-0.050213	11186.946289
7113.763605	0.090648	-0.050213	11277.322266
7113.764486	0.090612	-0.050213	11357.151367
7113.765467	0.090751	-0.050213	11446.177734
7113.766506	0.090601	-0.050213	11540.311523
7113.767415	0.090597	-0.050213	11622.664062
7114.726422	1.283503	-0.035397	648.169250
7114.727332	1.724077	-0.035397	2217.079346
7114.728199	1.696476	-0.035397	3687.923828
7114.729297	1.640347	-0.035397	5489.024414
7114.730299	1.588444	-0.035397	7080.645020
7114.731198	1.545007	-0.035397	8469.606445
7114.732210	1.497583	-0.035397	9985.160156
7114.733266	0.628206	-0.035397	10648.544922
7114.734163	0.092303	-0.035397	10731.340820
7114.735054	0.090703	-0.035397	10812.157227
7114.736147	0.090703	-0.035397	10911.295898
7114.737101	0.090648	-0.035397	10997.774414
7114.737960	0.090667	-0.035397	11075.657227
7114.738992	0.090729	-0.035397	11169.289062
7114.740013	0.090769	-0.035397	11261.963867
7114.740888	0.090692	-0.035397	11341.319336
7114.741815	0.090747	-0.035397	11425.441406
7114.742885	0.090732	-0.035397	11522.525391
7115.797942	1.191295	-0.060743	500.343964
7115.798993	1.721711	-0.060743	2309.862549
7115.800014	1.688320	-0.060743	4033.637695
7115.800892	1.641072	-0.060743	5474.499023
7115.801851	1.592446	-0.060743	7001.654785
7115.802908	1.540459	-0.060743	8629.919922
7115.803835	1.496389	-0.060743	10017.072266
7115.804708	0.839213	-0.060743	10749.705078
7115.805779	0.093563	-0.060743	10849.911133
7115.806776	0.090670	-0.060743	10940.309570
7115.807670	0.090710	-0.060743	11021.404297
7115.808649	0.090718	-0.060743	11110.216797
7115.809703	0.090762	-0.060743	11205.879883
7115.810608	0.090637	-0.060743	11287.906250
7115.811470	0.090674	-0.060743	11366.067383
7115.812572	0.090758	-0.060743	11466.083008
7115.813534	0.090619	-0.060743	11553.258789
7115.814416	0.090648	-0.060743	11633.210937
7116.751918	1.298599	-0.035505	701.243286
7116.752988	1.723337	-0.035505	2545.214355
7116.753894	1.686251	-0.035505	4072.958008
7116.754760	1.638003	-0.035505	5491.468750
7116.755887	1.582866	-0.035505	7275.358887
7116.756862	1.536086	-0.035505	8773.042969
7116.757733	1.494503	-0.035505	10074.754883
7116.758784	0.554583	-0.035505	10657.621094
7116.759836	0.090938	-0.035505	10753.287109
7116.760726	0.090615	-0.035505	10833.934570
7116.761672	0.090791	-0.035505	10919.823242
7116.762736	0.090703	-0.035505	11016.331055
7116.763654	0.090688	-0.035505	11099.583008
7116.764512	0.090670	-0.035505	11177.377930
7116.765578	0.090784	-0.035505	11274.153320
7116.766598	0.090729	-0.035505	11366.696289
7116.767478	0.090703	-0.035505	11446.514648
7116.768457	0.090835	-0.035505	11535.442383
7117.843411	1.213755	-0.062825	531.624634
7117.844295	1.720342	-0.062825	2052.406738
7117.845171	1.702599	-0.062825	3543.883301
7117.846064	1.654479	-0.062825	5021.333008
7117.847051	1.604150	-0.062825	6604.629395
7117.847981	1.558564	-0.062825	8054.094238
7117.848843	1.516454	-0.062825	9361.277344
7117.849886	1.217845	-0.062825	10631.490234
7117.850761	0.152567	-0.062825	10764.986328
7117.851632	0.090575	-0.062825	10843.876953
7117.852609	0.090667	-0.062825	10932.458008
7117.853545	0.090619	-0.062825	11017.277344
7117.854455	0.090608	-0.062825	11099.730469
7117.855333	0.090645	-0.062825	11179.316406
7117.856365	0.090696	-0.062825	11272.914062
7117.857266	0.090586	-0.062825	11354.532227
7117.858137	0.090604	-0.062825	11433.448242
7117.859061	0.090692	-0.062825	11517.248047
7118.780864	1.194932	-0.037531	507.845947
7118.781731	1.718591	-0.037531	1997.864624
7118.782778	1.696329	-0.037531	3773.921387
7118.783692	1.646752	-0.037531	5279.052734
7118.784573	1.601510	-0.037531	6689.982910
7118.785435	1.556814	-0.037531	8031.956543
7118.786489	1.508650	-0.037531	9622.073242
7118.787379	1.187014	-0.037531	10678.515625
7118.788252	0.145228	-0.037531	10805.299805
7118.789272	0.090615	-0.037531	10897.727539
7118.790190	0.090681	-0.037531	10980.972656
7118.791100	0.090648	-0.037531	11063.462891
7118.791978	0.090754	-0.037531	11143.145508
7118.792990	0.090692	-0.037531	11234.925781
7118.793882	0.090670	-0.037531	11315.803711
7118.794756	0.090681	-0.037531	11395.058594
7118.795714	0.090758	-0.037531	11482.004883
7118.796701	0.090648	-0.037531	11571.474609
7119.887294	1.203860	-0.065061	514.048157
7119.888161	1.717632	-0.065061	2003.234863
7119.889287	1.691766	-0.065061	3908.163818
7119.890195	1.643152	-0.065061	5400.145508
7119.891075	1.597808	-0.065061	6806.216309
7119.892076	1.549772	-0.065061	8357.538086
7119.893071	1.501472	-0.065061	9851.502930
7119.893972	0.979384	-0.065061	10733.927734
7119.894830	0.109713	-0.065061	10828.061523
7119.895904	0.090571	-0.065061	10925.334961
7119.896813	0.090615	-0.065061	11007.704102
7119.897680	0.090623	-0.065061	11086.273437
7119.898689	0.090743	-0.065061	11177.833984
7119.899695	0.090601	-0.065061	11268.978516
7119.900572	0.090667	-0.065061	11348.493164
7119.901439	0.090656	-0.065061	11427.091797
7119.902519	0.090597	-0.065061	11524.936523
7119.903434	0.090538	-0.065061	11607.779297
7120.816139	1.286448	-0.036549	630.359375
7120.817026	1.722268	-0.036549	2158.011230
7120.817898	1.699761	-0.036549	3640.202637
7120.818863	1.649355	-0.036549	5231.830566
7120.819826	1.598467	-0.036549	6771.154297
7120.820762	1.552515	-0.036549	8224.307617
7120.821645	1.511023	-0.036549	9558.541016
7120.822670	1.079550	-0.036549	10665.079102
7120.823570	0.116459	-0.036549	10769.891602
7120.824438	0.090560	-0.036549	10848.498047
7120.825333	0.090758	-0.036549	10929.726562
7120.826333	0.090670	-0.036549	11020.396484
7120.827256	0.090601	-0.036549	11104.020508
7120.828115	0.090692	-0.036549	11181.924805
7120.829186	0.090674	-0.036549	11279.036133
7120.830081	0.090608	-0.036549	11360.129883
7120.830946	0.090656	-0.036549	11438.546875
7120.831921	0.090798	-0.036549	11527.075195
7121.923017	1.206833	-0.064771	526.179382
7121.923888	1.719386	-0.064771	2023.764648
7121.924927	1.694842	-0.064771	3784.706055
7121.925978	1.640028	-0.064771	5508.375488
7121.926876	1.593538	-0.064771	6939.372070
7121.927832	1.547329	-0.064771	8418.619141
7121.928885	1.496777	-0.064771	9994.725586
7121.929830	0.757240	-0.064771	10710.317383
7121.930691	0.096423	-0.064771	10793.337891
7121.931767	0.090791	-0.064771	10891.029297
7121.932773	0.090593	-0.064771	10982.166016
7121.933645	0.090557	-0.064771	11061.131836
7121.934628	0.090791	-0.064771	11150.379883
7121.935669	0.090758	-0.064771	11244.859375
7121.936576	0.090575	-0.064771	11327.010742
7121.937430	0.090615	-0.064771	11404.396484
7121.938469	0.090652	-0.064771	11498.583984
7121.939467	0.090608	-0.064771	11589.010742
7122.859967	1.199213	-0.036210	509.665375
7122.860831	1.717317	-0.036210	1993.427124
7122.861947	1.691880	-0.036210	3881.564941
7122.862913	1.641039	-0.036210	5466.808594
7122.863780	1.596423	-0.036210	6850.907715
7122.864846	1.544487	-0.036210	8497.331055
7122.865884	1.495433	-0.036210	10049.590820
7122.866774	0.788372	-0.036210	10751.241211
7122.867717	0.097148	-0.036210	10842.852539
7122.868781	0.090732	-0.036210	10939.391602
7122.869713	0.090663	-0.036210	11023.889648
7122.870570	0.090685	-0.036210	11101.606445
7122.871603	0.090802	-0.036210	11195.405273
7122.872624	0.090685	-0.036210	11287.994141
7122.873510	0.090619	-0.036210	11368.282227
7122.874459	0.090784	-0.036210	11454.435547
7122.875510	0.090758	-0.036210	11549.822266
7122.876432	0.090729	-0.036210	11633.474609
7123.950523	1.202798	-0.059389	512.391907
7123.951585	1.722308	-0.059389	2341.483398
7123.952596	1.687020	-0.059389	4047.061035
7123.953493	1.639691	-0.059389	5517.864258
7123.954481	1.589795	-0.059389	7088.581543
7123.955531	1.538573	-0.059389	8704.083008
7123.956439	1.495041	-0.059389	10061.581055
7123.957306	0.797043	-0.059389	10752.618164
7123.958398	0.093065	-0.059389	10854.245117
7123.959384	0.090619	-0.059389	10943.595703
7123.960267	0.090626	-0.059389	11023.619141
7123.961282	0.090718	-0.059389	11115.697266
7123.962334	0.090597	-0.059389	11211.004883
7123.963211	0.090582	-0.059389	11290.445312
7123.964083	0.090630	-0.059389	11369.474609
7123.965165	0.090714	-0.059389	11467.626953
7123.966136	0.090590	-0.059389	11555.589844
7123.967001	0.090656	-0.059389	11634.006836
7124.908068	1.299053	-0.037636	676.806519
7124.909104	1.723872	-0.037636	2462.738037
7124.910007	1.688815	-0.037636	3987.737793
7124.910980	1.638369	-0.037636	5581.871094
7124.912043	1.584020	-0.037636	7265.684082
7124.912966	1.538650	-0.037636	8685.857422
7124.913831	1.496342	-0.037636	9980.193359
7124.914917	0.640228	-0.037636	10675.481445
7124.915922	0.091307	-0.037636	10767.245117
7124.916798	0.090652	-0.037636	10846.656250
7124.917787	0.090850	-0.037636	10936.506836
7124.918841	0.090656	-0.037636	11032.057617
7124.919724	0.090615	-0.037636	11112.071289
7124.920579	0.090692	-0.037636	11189.613281
7124.921676	0.090718	-0.037636	11289.130859
7124.922639	0.090619	-0.037636	11376.396484
7124.923502	0.090674	-0.037636	11454.648437
7124.924512	0.090776	-0.037636	11546.333008
7125.976023	1.216143	-0.055494	536.318909
7125.976890	1.719093	-0.055494	2026.772461
7125.977953	1.693652	-0.055494	3827.125000
7125.978982	1.639702	-0.055494	5514.378418
7125.979861	1.593834	-0.055494	6915.358887
7125.980827	1.547292	-0.055494	8410.042969
7125.981879	1.497129	-0.055494	9985.022461
7125.982797	0.800200	-0.055494	10719.606445
7125.983663	0.097584	-0.055494	10804.114258
7125.984719	0.090677	-0.055494	10899.870117
7125.985726	0.090579	-0.055494	10991.083008
7125.986618	0.090615	-0.055494	11071.912109
7125.987588	0.090597	-0.055494	11159.791016
7125.988635	0.090582	-0.055494	11254.630859
7125.989560	0.090579	-0.055494	11338.416016
7125.990482	0.090568	-0.055494	11421.918945
7125.991358	0.090601	-0.055494	11501.285156
7125.992296	0.090608	-0.055494	11586.275391
7126.955019	1.270847	-0.037958	632.881897
7126.955957	1.723509	-0.037958	2249.533691
7126.956834	1.696208	-0.037958	3737.108398
7126.957785	1.646598	-0.037958	5303.022949
7126.958818	1.593230	-0.037958	6948.829590
7126.959695	1.549830	-0.037958	8308.031250
7126.960559	1.508569	-0.037958	9611.435547
7126.961624	0.953705	-0.037958	10627.130859
7126.962571	0.101528	-0.037958	10723.278320
7126.963436	0.090535	-0.037958	10801.590820
7126.964362	0.090718	-0.037958	10885.595703
7126.965413	0.090780	-0.037958	10981.005859
7126.966308	0.090604	-0.037958	11062.096680
7126.967173	0.090626	-0.037958	11140.488281
7126.968182	0.090846	-0.037958	11232.151367
7126.969149	0.090659	-0.037958	11319.818359
7126.970023	0.090670	-0.037958	11399.064453
7126.970891	0.090758	-0.037958	11477.842773
7128.005159	1.300799	-0.047280	672.513306
7128.006051	1.723334	-0.047280	2209.727051
7128.006914	1.696337	-0.047280	3673.665527
7128.008015	1.640563	-0.047280	5479.924805
7128.009008	1.588934	-0.047280	7057.736328
7128.009895	1.546216	-0.047280	8429.229492
7128.010910	1.498286	-0.047280	9949.990234
7128.011968	0.661864	-0.047280	10650.242187
7128.012845	0.093208	-0.047280	10731.985352
7128.013739	0.090751	-0.047280	10813.116211
7128.014837	0.090714	-0.047280	10912.720703
7128.015785	0.090601	-0.047280	10998.610352
7128.016644	0.090586	-0.047280	11076.423828
7128.017666	0.090718	-0.047280	11169.137695
7128.018708	0.090615	-0.047280	11263.558594
7128.019595	0.090586	-0.047280	11343.908203
7128.020527	0.090626	-0.047280	11428.372070
7128.021600	0.090707	-0.047280	11525.700195
7128.995788	1.212327	-0.039924	528.574402
7128.996652	1.718485	-0.039924	2013.345459
7128.997715	1.693883	-0.039924	3813.943115
7128.998724	1.640614	-0.039924	5469.322754
7128.999608	1.595079	-0.039924	6879.373047
7129.000588	1.547908	-0.039924	8396.322266
7129.001640	1.497792	-0.039924	9971.999023
7129.002556	0.826608	-0.039924	10729.171875
7129.003413	0.099001	-0.039924	10814.016602
7129.004506	0.090663	-0.039924	10913.111328
7129.005498	0.090634	-0.039924	11003.019531
7129.006366	0.090634	-0.039924	11081.689453
7129.007350	0.090784	-0.039924	11171.020508
7129.008416	0.090656	-0.039924	11267.659180
7129.009303	0.090579	-0.039924	11348.001953
7129.010169	0.090663	-0.039924	11426.515625
7129.011286	0.090663	-0.039924	11527.786133
7129.012267	0.090656	-0.039924	11616.718750
7130.040331	1.240074	-0.047308	626.237549
7130.041396	1.722327	-0.047308	2460.515381
7130.042331	1.686237	-0.047308	4037.146484
7130.043204	1.639530	-0.047308	5468.456055
7130.044253	1.586115	-0.047308	7132.290039
7130.045268	1.536786	-0.047308	8692.127930
7130.046163	1.494771	-0.047308	10029.947266
7130.047136	0.697595	-0.047308	10708.707031
7130.048194	0.091633	-0.047308	10805.655273
7130.049112	0.090601	-0.047308	10888.826172
7130.049975	0.090586	-0.047308	10967.001953
7130.051064	0.090710	-0.047308	11065.785156
7130.052054	0.090601	-0.047308	11155.479492
7130.052948	0.090597	-0.047308	11236.472656
7130.053936	0.090623	-0.047308	11326.007812
7130.054987	0.090692	-0.047308	11421.325195
7130.055875	0.090608	-0.047308	11501.785156
7130.056733	0.090615	-0.047308	11579.533203
7131.032521	1.212905	-0.035956	520.336365
7131.033419	1.717833	-0.035956	2062.950684
7131.034506	1.691104	-0.035956	3901.180176
7131.035468	1.640339	-0.035956	5479.186523
7131.036331	1.595629	-0.035956	6856.213867
7131.037389	1.544648	-0.035956	8490.452148
7131.038421	1.495803	-0.035956	10034.121094
7131.039311	0.802452	-0.035956	10748.303711
7131.040256	0.097727	-0.035956	10840.656250
7131.041323	0.090699	-0.035956	10937.432617
7131.042250	0.090685	-0.035956	11021.497070
7131.043108	0.090736	-0.035956	11099.348633
7131.044161	0.090776	-0.035956	11194.936523
7131.045167	0.090721	-0.035956	11286.202148
7131.046052	0.090729	-0.035956	11366.497070
7131.047011	0.090850	-0.035956	11453.622070
7131.048065	0.090754	-0.035956	11549.277344
7131.048982	0.090692	-0.035956	11632.442383
7132.080139	1.242330	-0.049862	628.619141
7132.081213	1.721920	-0.049862	2477.961426
7132.082164	1.685054	-0.049862	4080.447510
7132.083034	1.638113	-0.049862	5505.605469
7132.084108	1.583987	-0.049862	7206.807617
7132.085113	1.535101	-0.049862	8749.583984
7132.086014	1.492745	-0.049862	10094.547852
7132.086993	0.633365	-0.049862	10714.612305
7132.088042	0.091326	-0.049862	10810.413086
7132.088956	0.090677	-0.049862	10893.291992
7132.089818	0.090663	-0.049862	10971.443359
7132.090908	0.090692	-0.049862	11070.297852
7132.091891	0.090604	-0.049862	11159.362305
7132.092782	0.090612	-0.049862	11240.097656
7132.093774	0.090729	-0.049862	11330.100586
7132.094826	0.090634	-0.049862	11425.447266
7132.095709	0.090626	-0.049862	11505.470703
7132.096567	0.090637	-0.049862	11583.237305
7133.065664	1.199333	-0.033282	510.916046
7133.066568	1.717134	-0.033282	2063.205078
7133.067660	1.690404	-0.033282	3909.126465
7133.068620	1.640017	-0.033282	5483.542969
7133.069488	1.595017	-0.033282	6868.017578
7133.070533	1.544176	-0.033282	8481.681641
7133.071563	1.495349	-0.033282	10021.890625
7133.072461	0.798102	-0.033282	10738.585937
7133.073417	0.097394	-0.033282	10831.694336
7133.074468	0.090637	-0.033282	10926.954102
7133.075393	0.090593	-0.033282	11010.752930
7133.076252	0.090677	-0.033282	11088.644531
7133.077315	0.090685	-0.033282	11185.042969
7133.078327	0.090590	-0.033282	11276.719727
7133.079198	0.090667	-0.033282	11355.690430
7133.080166	0.090652	-0.033282	11443.441406
7133.081229	0.090696	-0.033282	11539.850586
7133.082134	0.090645	-0.033282	11621.883789
7134.122445	1.219563	-0.054229	535.388123
7134.123316	1.719104	-0.054229	2032.727539
7134.124308	1.697761	-0.054229	3716.906738
7134.125246	1.647074	-0.054229	5261.862305
7134.126156	1.600499	-0.054229	6718.316406
7134.127040	1.556136	-0.054229	8093.940918
7134.128068	1.507874	-0.054229	9644.035156
7134.128981	1.147266	-0.054229	10691.488281
7134.129860	0.131869	-0.054229	10807.401367
7134.130794	0.090615	-0.054229	10892.036133
7134.131780	0.090656	-0.054229	10981.422852
7134.132698	0.090608	-0.054229	11064.600586
7134.133558	0.090637	-0.054229	11142.548828
7134.134631	0.090677	-0.054229	11239.845703
7134.135519	0.090623	-0.054229	11320.318359
7134.136388	0.090608	-0.054229	11399.056641
7134.137244	0.090685	-0.054229	11476.682617
7134.138286	0.090597	-0.054229	11571.084961
7135.096265	1.216110	-0.035280	530.223816
7135.097136	1.717928	-0.035280	2026.539551
7135.098187	1.693964	-0.035280	3806.895264
7135.099071	1.646792	-0.035280	5262.659180
7135.099998	1.599543	-0.035280	6745.436035
7135.100863	1.554862	-0.035280	8090.391602
7135.101856	1.509521	-0.035280	9589.346680
7135.102770	1.204329	-0.035280	10690.103516
7135.103646	0.150253	-0.035280	10821.724609
7135.104671	0.090524	-0.035280	10914.511719
7135.105571	0.090648	-0.035280	10996.094727
7135.106443	0.090670	-0.035280	11075.159180
7135.107381	0.090740	-0.035280	11160.273437
7135.108373	0.090667	-0.035280	11250.214844
7135.109292	0.090656	-0.035280	11333.527344
7135.110165	0.090630	-0.035280	11412.647461
7135.111167	0.090685	-0.035280	11503.513672
7135.112067	0.090681	-0.035280	11585.126953
7136.163767	1.217530	-0.058648	513.797852
7136.164825	1.723711	-0.058648	2337.483887
7136.165730	1.692510	-0.058648	3869.205078
7136.166609	1.646224	-0.058648	5316.236328
7136.167627	1.595109	-0.058648	6940.056641
7136.168550	1.548058	-0.058648	8368.914062
7136.169476	1.504739	-0.058648	9762.302734
7136.170351	1.069929	-0.058648	10698.490234
7136.171400	0.102719	-0.058648	10806.242187
7136.172281	0.090535	-0.058648	10886.002930
7136.173149	0.090626	-0.058648	10964.666016
7136.174126	0.090590	-0.058648	11053.171875
7136.175051	0.090604	-0.058648	11136.980469
7136.175973	0.090553	-0.058648	11220.470703
7136.176844	0.090546	-0.058648	11299.335937
7136.177869	0.090656	-0.058648	11392.257812
7136.178772	0.090542	-0.058648	11474.017578
7136.179645	0.090546	-0.058648	11553.063477
7137.131464	1.195331	-0.034937	518.773621
7137.132341	1.718935	-0.034937	2026.280029
7137.133205	1.702976	-0.034937	3497.651367
7137.134247	1.649253	-0.034937	5216.172852
7137.135163	1.600525	-0.034937	6682.253906
7137.136093	1.555371	-0.034937	8128.749023
7137.136959	1.511909	-0.034937	9438.062500
7137.138010	1.140245	-0.034937	10636.459961
7137.138899	0.130902	-0.034937	10752.832031
7137.139766	0.090619	-0.034937	10831.398437
7137.140783	0.090670	-0.034937	10923.610352
7137.141694	0.090630	-0.034937	11006.173828
7137.142593	0.090637	-0.034937	11087.656250
7137.143469	0.090707	-0.034937	11167.115234
7137.144487	0.090626	-0.034937	11259.373047
7137.145378	0.090601	-0.034937	11340.098633
7137.146253	0.090667	-0.034937	11419.431641
7137.147193	0.090740	-0.034937	11504.726562
7138.203709	1.335154	-0.061331	741.010376
7138.204681	1.724099	-0.061331	2416.834717
7138.205558	1.691488	-0.061331	3900.269775
7138.206433	1.643214	-0.061331	5338.082031
7138.207561	1.588601	-0.061331	7130.023926
7138.208456	1.544015	-0.061331	8511.916992
7138.209327	1.502567	-0.061331	9820.653320
7138.210382	0.790433	-0.061331	10654.560547
7138.211369	0.093446	-0.061331	10746.791992
7138.212244	0.090645	-0.061331	10826.105469
7138.213114	0.090615	-0.061331	10904.940430
7138.214214	0.090615	-0.061331	11004.617187
7138.215099	0.090564	-0.061331	11084.766602
7138.215957	0.090604	-0.061331	11162.504883
7138.217033	0.090725	-0.061331	11260.125000
7138.217983	0.090619	-0.061331	11346.212891
7138.218854	0.090553	-0.061331	11425.084961
7138.219716	0.090699	-0.061331	11503.267578
7139.167245	1.273363	-0.034962	641.775024
7139.168155	1.722902	-0.034962	2209.615479
7139.169018	1.696677	-0.034962	3673.847900
7139.170095	1.640834	-0.034962	5441.025879
7139.171113	1.589172	-0.034962	7058.803223
7139.172005	1.545429	-0.034962	8437.325195
7139.172989	1.499355	-0.034962	9912.691406
7139.174061	0.674030	-0.034962	10635.250977
7139.174963	0.092695	-0.034962	10718.862305
7139.175821	0.090601	-0.034962	10796.597656
7139.176912	0.090714	-0.034962	10895.566406
7139.177871	0.090571	-0.034962	10982.423828
7139.178749	0.090626	-0.034962	11061.993164
7139.179767	0.090806	-0.034962	11154.433594
7139.180816	0.090667	-0.034962	11249.542969
7139.181698	0.090645	-0.034962	11329.491211
7139.182572	0.090696	-0.034962	11408.759766
7139.183653	0.090787	-0.034962	11506.901367
7140.242357	1.205017	-0.063796	504.902161
7140.243449	1.721605	-0.063796	2384.895020
7140.244426	1.686702	-0.063796	4032.802490
7140.245312	1.640237	-0.063796	5486.052246
7140.246314	1.589396	-0.063796	7078.626953
7140.247364	1.538558	-0.063796	8694.113281
7140.248258	1.495499	-0.063796	10031.089844
7140.249127	0.806960	-0.063796	10732.338867
7140.250230	0.092816	-0.063796	10834.714844
7140.251178	0.090586	-0.063796	10920.589844
7140.252037	0.090626	-0.063796	10998.437500
7140.253069	0.090656	-0.063796	11091.994141
7140.254113	0.090564	-0.063796	11186.542969
7140.254994	0.090571	-0.063796	11266.335937
7140.255911	0.090659	-0.063796	11349.470703
7140.256984	0.090626	-0.063796	11446.712891
7140.257922	0.090575	-0.063796	11531.671875
7140.258783	0.090590	-0.063796	11609.669922
7141.202999	1.339702	-0.034998	724.778870
7141.204039	1.722718	-0.034998	2516.406006
7141.204934	1.687053	-0.034998	4026.318604
7141.205878	1.637505	-0.034998	5572.123047
7141.206957	1.582577	-0.034998	7279.723633
7141.207897	1.536742	-0.034998	8724.260742
7141.208768	1.494789	-0.034998	10026.221680
7141.209835	0.578423	-0.034998	10643.398437
7141.210842	0.091025	-0.034998	10735.060547
7141.211729	0.090670	-0.034998	10815.485352
7141.212694	0.090784	-0.034998	10903.091797
7141.213726	0.090645	-0.034998	10996.636719
7141.214641	0.090641	-0.034998	11079.573242
7141.215504	0.090582	-0.034998	11157.746094
7141.216585	0.090846	-0.034998	11255.950195
7141.217576	0.090623	-0.034998	11345.756836
7141.218452	0.090645	-0.034998	11425.161133
7141.219442	0.090747	-0.034998	11515.000977
7142.279180	1.246985	-0.059780	633.468323
7142.280235	1.722250	-0.059780	2450.441895
7142.281170	1.686504	-0.059780	4027.322998
7142.282035	1.639728	-0.059780	5445.687500
7142.283124	1.585052	-0.059780	7171.809570
7142.284124	1.536247	-0.059780	8708.056641
7142.285021	1.494239	-0.059780	10048.389648
7142.286008	0.654525	-0.059780	10694.406250
7142.287054	0.091454	-0.059780	10790.067383
7142.287956	0.090645	-0.059780	10871.829102
7142.288817	0.090659	-0.059780	10949.886719
7142.289902	0.090765	-0.059780	11048.367187
7142.290893	0.090538	-0.059780	11138.090820
7142.291770	0.090641	-0.059780	11217.583008
7142.292779	0.090714	-0.059780	11309.113281
7142.293831	0.090637	-0.059780	11404.463867
7142.294705	0.090542	-0.059780	11483.597656
7142.295567	0.090688	-0.059780	11561.771484
7143.242681	1.198744	-0.038945	508.267426
7143.243744	1.722081	-0.038945	2338.839844
7143.244650	1.691968	-0.038945	3871.762695
7143.245533	1.645195	-0.038945	5324.470215
7143.246439	1.597617	-0.038945	6771.911621
7143.247475	1.547358	-0.038945	8374.974609
7143.248370	1.505061	-0.038945	9722.003906
7143.249240	1.143783	-0.038945	10717.094727
7143.250274	0.121454	-0.038945	10842.677734
7143.251172	0.090520	-0.038945	10923.964844
7143.252074	0.090623	-0.038945	11005.706055
7143.252951	0.090692	-0.038945	11085.243164
7143.253973	0.090659	-0.038945	11177.896484
7143.254861	0.090612	-0.038945	11258.359375
7143.255734	0.090648	-0.038945	11337.495117
7143.256696	0.090721	-0.038945	11424.769531
7143.257646	0.090564	-0.038945	11510.805664
7143.258565	0.090696	-0.038945	11594.155273
7144.312868	1.278252	-0.054765	678.751831
7144.313888	1.723411	-0.054765	2436.630615
7144.314787	1.688979	-0.054765	3955.022949
7144.315655	1.641812	-0.054765	5380.115234
7144.316743	1.587913	-0.054765	7107.764160
7144.317667	1.542239	-0.054765	8532.792969
7144.318538	1.500930	-0.054765	9840.103516
7144.319538	0.843439	-0.054765	10683.541992
7144.320547	0.094080	-0.054765	10778.468750
7144.321417	0.090582	-0.054765	10857.275391
7144.322282	0.090656	-0.054765	10935.692383
7144.323329	0.090798	-0.054765	11030.757812
7144.324259	0.090579	-0.054765	11114.996094
7144.325136	0.090619	-0.054765	11194.468750
7144.326088	0.090634	-0.054765	11280.751953
7144.327101	0.090692	-0.054765	11372.623047
7144.327991	0.090557	-0.054765	11453.218750
7144.328852	0.090571	-0.054765	11531.200195
7145.284548	1.204149	-0.039908	520.192444
7145.285411	1.717731	-0.039908	2002.593994
7145.286478	1.693015	-0.039908	3809.041016
7145.287446	1.642445	-0.039908	5398.927734
7145.288327	1.597105	-0.039908	6805.976562
7145.289266	1.550903	-0.039908	8262.274414
7145.290314	1.501384	-0.039908	9835.725586
7145.291204	1.000774	-0.039908	10726.414062
7145.292062	0.112024	-0.039908	10822.530273
7145.293110	0.090659	-0.039908	10917.541016
7145.294060	0.090674	-0.039908	11003.681641
7145.294924	0.090648	-0.039908	11082.001953
7145.295823	0.090688	-0.039908	11163.531250
7145.296907	0.090747	-0.039908	11261.901367
7145.297803	0.090656	-0.039908	11343.128906
7145.298665	0.090674	-0.039908	11421.290039
7145.299692	0.090707	-0.039908	11514.446289
7145.300655	0.090677	-0.039908	11601.768555
7146.345504	1.271704	-0.050801	671.459778
7146.346579	1.721895	-0.050801	2522.496338
7146.347494	1.685438	-0.050801	4064.672363
7146.348363	1.638197	-0.050801	5488.265625
7146.349449	1.584192	-0.050801	7208.698242
7146.350458	1.534691	-0.050801	8757.201172
7146.351342	1.493306	-0.050801	10077.283203
7146.352364	0.599821	-0.050801	10690.299805
7146.353410	0.091154	-0.050801	10785.646484
7146.354291	0.090667	-0.050801	10865.523437
7146.355147	0.090608	-0.050801	10943.083984
7146.356256	0.090725	-0.050801	11043.698242
7146.357214	0.090597	-0.050801	11130.490234
7146.358070	0.090619	-0.050801	11208.059570
7146.359137	0.090714	-0.050801	11304.851562
7146.360185	0.090645	-0.050801	11399.846680
7146.361073	0.090659	-0.050801	11480.351562
7146.361992	0.090652	-0.050801	11563.660156
7147.324861	1.198898	-0.042772	508.332642
7147.325903	1.720591	-0.042772	2301.188232
7147.326934	1.686522	-0.042772	4039.992676
7147.327810	1.640127	-0.042772	5476.744141
7147.328806	1.590319	-0.042772	7060.701172
7147.329874	1.538024	-0.042772	8703.310547
7147.330775	1.494606	-0.042772	10049.950195
7147.331641	0.801116	-0.042772	10743.716797
7147.332709	0.093237	-0.042772	10843.293945
7147.333702	0.090637	-0.042772	10933.296875
7147.334592	0.090729	-0.042772	11014.045898
7147.335577	0.090813	-0.042772	11103.497070
7147.336647	0.090813	-0.042772	11200.666992
7147.337533	0.090674	-0.042772	11281.003906
7147.338398	0.090718	-0.042772	11359.474609
7147.339511	0.090795	-0.042772	11460.529297
7147.340483	0.090725	-0.042772	11548.713867
7147.341350	0.090670	-0.042772	11627.325195
7148.378038	1.191255	-0.047574	501.518280
7148.379088	1.720422	-0.047574	2307.961670
7148.380120	1.686343	-0.047574	4048.267334
7148.381003	1.639296	-0.047574	5495.765625
7148.381982	1.589590	-0.047574	7051.974121
7148.383061	1.537749	-0.047574	8711.205078
7148.383961	1.493752	-0.047574	10055.582031
7148.384837	0.779996	-0.047574	10738.858398
7148.385927	0.092307	-0.047574	10839.473633
7148.386908	0.090469	-0.047574	10928.223633
7148.387800	0.090586	-0.047574	11009.026367
7148.388787	0.090670	-0.047574	11098.517578
7148.389841	0.090725	-0.047574	11194.141602
7148.390740	0.090630	-0.047574	11275.618164
7148.391603	0.090685	-0.047574	11353.878906
7148.392704	0.090699	-0.047574	11453.739258
7148.393672	0.090509	-0.047574	11541.351562
7148.394538	0.090641	-0.047574	11619.846680
7149.366282	1.270386	-0.036327	636.463257
7149.367190	1.722389	-0.036327	2200.392334
7149.368054	1.696106	-0.036327	3665.827881
7149.369159	1.639578	-0.036327	5477.561035
7149.370154	1.588707	-0.036327	7058.324707
7149.371052	1.545125	-0.036327	8445.846680
7149.372064	1.497425	-0.036327	9961.241211
7149.373122	0.647300	-0.036327	10646.083984
7149.373997	0.092952	-0.036327	10727.416992
7149.374861	0.090615	-0.036327	10805.708984
7149.375965	0.090747	-0.036327	10905.893555
7149.376921	0.090696	-0.036327	10992.598633
7149.377779	0.090586	-0.036327	11070.321289
7149.378835	0.090732	-0.036327	11166.134766
7149.379877	0.090685	-0.036327	11260.627930
7149.380758	0.090634	-0.036327	11340.476562
7149.381669	0.090714	-0.036327	11423.117187
7149.382736	0.090747	-0.036327	11519.944336
7150.412809	1.270543	-0.045753	637.812683
7150.413722	1.722338	-0.045753	2210.306885
7150.414593	1.695447	-0.045753	3687.041016
7150.415670	1.639838	-0.045753	5453.145996
7150.416673	1.588378	-0.045753	7046.288574
7150.417568	1.545212	-0.045753	8429.253906
7150.418562	1.498356	-0.045753	9918.619141
7150.419632	0.662373	-0.045753	10627.358398
7150.420534	0.092585	-0.045753	10710.870117
7150.421394	0.090564	-0.045753	10788.754883
7150.422485	0.090681	-0.045753	10887.688477
7150.423445	0.090564	-0.045753	10974.629883
7150.424310	0.090656	-0.045753	11053.046875
7150.425392	0.090667	-0.045753	11151.148437
7150.426427	0.090601	-0.045753	11244.919922
7150.427319	0.090641	-0.045753	11325.771484
7150.428241	0.090677	-0.045753	11409.375977
7150.429312	0.090718	-0.045753	11506.535156
7151.407038	1.202439	-0.041193	514.643860
7151.407902	1.717053	-0.041193	1998.177734
7151.408999	1.691913	-0.041193	3854.206055
7151.409971	1.640200	-0.041193	5448.480469
7151.410855	1.595270	-0.041193	6858.699219
7151.411877	1.545787	-0.041193	8438.494141
7151.412927	1.496224	-0.041193	10009.529297
7151.413809	0.836429	-0.041193	10747.259766
7151.414688	0.099470	-0.041193	10834.694336
7151.415769	0.090626	-0.041193	10932.661133
7151.416722	0.090663	-0.041193	11019.062500
7151.417587	0.090604	-0.041193	11097.435547
7151.418633	0.090681	-0.041193	11192.288086
7151.419671	0.090696	-0.041193	11286.430664
7151.420543	0.090615	-0.041193	11365.447266
7151.421465	0.090608	-0.041193	11448.987305
7151.422539	0.090685	-0.041193	11546.382812
7151.423476	0.090674	-0.041193	11631.343750
7152.451513	1.205493	-0.051276	509.923584
7152.452576	1.721254	-0.051276	2339.616211
7152.453502	1.690452	-0.051276	3904.974365
7152.454384	1.643778	-0.051276	5354.786621
7152.455362	1.594329	-0.051276	6914.040039
7152.456386	1.543766	-0.051276	8494.856445
7152.457283	1.501077	-0.051276	9841.322266
7152.458156	1.001741	-0.051276	10715.841797
7152.459256	0.096892	-0.051276	10822.422852
7152.460183	0.090652	-0.051276	10906.457031
7152.461052	0.090637	-0.051276	10985.220703
7152.462042	0.090619	-0.051276	11074.933594
7152.463051	0.090535	-0.051276	11166.283203
7152.463932	0.090575	-0.051276	11246.080078
7152.464790	0.090634	-0.051276	11323.843750
7152.465858	0.090612	-0.051276	11420.617187
7152.466772	0.090568	-0.051276	11503.396484
7152.467636	0.090560	-0.051276	11581.640625
7153.441806	1.246461	-0.046116	634.448792
7153.442851	1.722773	-0.046116	2434.747070
7153.443741	1.688925	-0.046116	3937.889893
7153.444608	1.642416	-0.046116	5361.864258
7153.445678	1.588627	-0.046116	7061.694824
7153.446628	1.542319	-0.046116	8526.898437
7153.447504	1.500458	-0.046116	9841.299805
7153.448457	0.882389	-0.046116	10682.216797
7153.449508	0.094783	-0.046116	10781.833008
7153.450376	0.090454	-0.046116	10860.347656
7153.451242	0.090593	-0.046116	10938.801758
7153.452272	0.090714	-0.046116	11032.237305
7153.453224	0.090586	-0.046116	11118.475586
7153.454101	0.090516	-0.046116	11197.858398
7153.455026	0.090623	-0.046116	11281.684570
7153.456090	0.090623	-0.046116	11378.107422
7153.456977	0.090524	-0.046116	11458.402344
7153.457837	0.090582	-0.046116	11536.302734
7154.492446	1.296090	-0.054036	663.598145
7154.493358	1.722605	-0.054036	2234.613770
7154.494236	1.695908	-0.054036	3723.621094
7154.495222	1.644393	-0.054036	5344.993164
7154.496239	1.591728	-0.054036	6963.781250
7154.497136	1.547750	-0.054036	8352.113281
7154.498000	1.505468	-0.054036	9652.836914
7154.499110	0.858329	-0.054036	10605.582031
7154.500028	0.097079	-0.054036	10694.700195
7154.500901	0.090593	-0.054036	10773.788086
7154.501898	0.090769	-0.054036	10864.285156
7154.502880	0.090560	-0.054036	10953.215820
7154.503755	0.090593	-0.054036	11032.485352
7154.504611	0.090677	-0.054036	11110.105469
7154.505705	0.090615	-0.054036	11209.238281
7154.506625	0.090549	-0.054036	11292.543945
7154.507489	0.090670	-0.054036	11370.882812
7154.508455	0.090736	-0.054036	11458.534180
7155.471417	1.320513	-0.043816	723.640991
7155.472467	1.722246	-0.043816	2531.999512
7155.473367	1.686105	-0.043816	4049.493652
7155.474233	1.638029	-0.043816	5468.026367
7155.475351	1.583357	-0.043816	7238.219727
7155.476321	1.536592	-0.043816	8728.713867
7155.477190	1.494862	-0.043816	10027.749023
7155.478241	0.615450	-0.043816	10674.587891
7155.479267	0.091241	-0.043816	10768.201172
7155.480154	0.090634	-0.043816	10848.592773
7155.481078	0.090732	-0.043816	10932.429687
7155.482158	0.090787	-0.043816	11030.480469
7155.483083	0.090637	-0.043816	11114.320312
7155.483949	0.090692	-0.043816	11192.859375
7155.484980	0.090765	-0.043816	11286.438477
7155.485997	0.090681	-0.043816	11378.661133
7155.486891	0.090674	-0.043816	11459.723633
7155.487836	0.090765	-0.043816	11545.497070
7156.539388	1.279955	-0.056312	624.617920
7156.540269	1.721107	-0.056312	2140.913574
7156.541268	1.692880	-0.056312	3832.100342
7156.542316	1.637856	-0.056312	5548.573730
7156.543223	1.590967	-0.056312	6991.580566
7156.544089	1.546586	-0.056312	8330.923828
7156.545204	1.495690	-0.056312	9998.618164
7156.546180	0.719399	-0.056312	10700.751953
7156.547044	0.094951	-0.056312	10782.790039
7156.548092	0.090688	-0.056312	10877.832031
7156.549145	0.090659	-0.056312	10973.295898
7156.550034	0.090557	-0.056312	11053.800781
7156.550951	0.090597	-0.056312	11136.877930
7156.552019	0.090762	-0.056312	11233.811523
7156.552970	0.090593	-0.056312	11319.965820
7156.553831	0.090604	-0.056312	11397.976562
7156.554870	0.090714	-0.056312	11492.228516
7156.555874	0.090593	-0.056312	11583.184570
7157.496760	1.188263	-0.037942	499.070435
7157.497719	1.716394	-0.037942	2145.092285
7157.498790	1.688372	-0.037942	3953.338379
7157.499715	1.639567	-0.037942	5469.937500
7157.500587	1.593787	-0.037942	6859.719238
7157.501682	1.541298	-0.037942	8547.440430
7157.502682	1.493701	-0.037942	10041.141602
7157.503581	0.769248	-0.037942	10732.695312
7157.504561	0.095354	-0.037942	10826.142578
7157.505611	0.090681	-0.037942	10921.357422
7157.506504	0.090645	-0.037942	11002.302734
7157.507370	0.090648	-0.037942	11080.803711
7157.508455	0.090729	-0.037942	11179.244141
7157.509414	0.090648	-0.037942	11266.175781
7157.510277	0.090623	-0.037942	11344.382812
7157.511339	0.090776	-0.037942	11440.787109
7157.512377	0.090813	-0.037942	11535.050781
7157.513255	0.090641	-0.037942	11614.633789
7158.587356	1.222896	-0.066366	557.640320
7158.588451	1.721147	-0.066366	2442.296631
7158.589389	1.686229	-0.066366	4023.979492
7158.590264	1.639904	-0.066366	5458.895020
7158.591305	1.586290	-0.066366	7110.223145
7158.592332	1.536969	-0.066366	8688.690430
7158.593228	1.494708	-0.066366	10027.949219
7158.594193	0.734205	-0.066366	10736.457031
7158.595237	0.091930	-0.066366	10832.431641
7158.596170	0.090568	-0.066366	10916.931641
7158.597035	0.090524	-0.066366	10995.234375
7158.598115	0.090710	-0.066366	11093.201172
7158.599121	0.090593	-0.066366	11184.337891
7158.600017	0.090663	-0.066366	11265.572266
7158.600982	0.090623	-0.066366	11353.023437
7158.602042	0.090674	-0.066366	11449.137695
7158.602950	0.090553	-0.066366	11531.359375
7158.603811	0.090612	-0.066366	11609.375977
7159.525389	1.268119	-0.036774	639.131897
7159.526280	1.721770	-0.036774	2173.229004
7159.527148	1.695623	-0.036774	3645.029297
7159.528284	1.638029	-0.036774	5505.829590
7159.529255	1.588898	-0.036774	7048.649414
7159.530125	1.546088	-0.036774	8393.746094
7159.531177	1.496602	-0.036774	9968.170898
7159.532211	0.651863	-0.036774	10642.197266
7159.533102	0.092999	-0.036774	10725.059570
7159.534042	0.090634	-0.036774	10810.254883
7159.535104	0.090637	-0.036774	10906.511719
7159.536033	0.090582	-0.036774	10990.663086
7159.536892	0.090648	-0.036774	11068.530273
7159.537936	0.090710	-0.036774	11163.232422
7159.538956	0.090648	-0.036774	11255.693359
7159.539828	0.090575	-0.036774	11334.674805
7159.540783	0.090798	-0.036774	11421.387695
7159.541860	0.090736	-0.036774	11519.110352
7160.632788	1.237511	-0.073448	551.929932
7160.633669	1.719272	-0.073448	2066.608887
7160.634530	1.699457	-0.073448	3529.841064
7160.635601	1.645957	-0.073448	5292.661133
7160.636488	1.599719	-0.073448	6711.612305
7160.637360	1.557059	-0.073448	8069.368164
7160.638343	1.510324	-0.073448	9554.016602
7160.639291	1.157032	-0.073448	10650.883789
7160.640213	0.130129	-0.073448	10770.863281
7160.641089	0.090549	-0.073448	10850.184570
7160.642119	0.090674	-0.073448	10943.578125
7160.643014	0.090509	-0.073448	11024.583984
7160.643892	0.090590	-0.073448	11104.122070
7160.644821	0.090656	-0.073448	11188.340820
7160.645821	0.090586	-0.073448	11278.926758
7160.646743	0.090513	-0.073448	11362.379883
7160.647606	0.090575	-0.073448	11440.545898
7160.648669	0.090641	-0.073448	11536.897461
7161.560002	1.200612	-0.030905	516.263000
7161.560864	1.717258	-0.030905	1996.539551
7161.561916	1.695040	-0.030905	3779.721924
7161.562797	1.647737	-0.030905	5231.377930
7161.563665	1.602741	-0.030905	6622.556641
7161.564556	1.556221	-0.030905	8009.149414
7161.565623	1.507105	-0.030905	9617.230469
7161.566519	1.165862	-0.030905	10661.842773
7161.567401	0.139193	-0.030905	10784.611328
7161.568394	0.090659	-0.030905	10874.635742
7161.569317	0.090648	-0.030905	10958.303711
7161.570232	0.090590	-0.030905	11041.193359
7161.571090	0.090674	-0.030905	11118.991211
7161.572139	0.090608	-0.030905	11214.039062
7161.573024	0.090710	-0.030905	11294.317383
7161.573899	0.090667	-0.030905	11373.650391
7161.574898	0.090718	-0.030905	11464.277344
7161.575843	0.090652	-0.030905	11549.943359
7162.668993	1.195616	-0.073367	514.115051
7162.669863	1.717804	-0.073367	2008.604492
7162.670801	1.699296	-0.073367	3602.543945
7162.671863	1.644207	-0.073367	5348.691406
7162.672767	1.597203	-0.073367	6792.563477
7162.673636	1.554130	-0.073367	8143.102051
7162.674677	1.504937	-0.073367	9709.741211
7162.675654	0.999946	-0.073367	10686.688477
7162.676531	0.110295	-0.073367	10783.417969
7162.677440	0.090582	-0.073367	10865.756836
7162.678512	0.090648	-0.073367	10962.931641
7162.679394	0.090538	-0.073367	11042.786133
7162.680251	0.090615	-0.073367	11120.443359
7162.681283	0.090736	-0.073367	11214.083008
7162.682244	0.090582	-0.073367	11301.132812
7162.683118	0.090582	-0.073367	11380.301758
7162.683997	0.090579	-0.073367	11459.919922
7162.685102	0.090677	-0.073367	11560.118164
7163.601902	1.257740	-0.032190	596.169006
7163.602783	1.720525	-0.032190	2111.951416
7163.603775	1.694531	-0.032190	3792.926270
7163.604827	1.638856	-0.032190	5517.002930
7163.605745	1.591556	-0.032190	6978.051758
7163.606607	1.547834	-0.032190	8312.285156
7163.607692	1.497887	-0.032190	9937.492187
7163.608697	0.729565	-0.032190	10670.705078
7163.609568	0.095193	-0.032190	10753.618164
7163.610569	0.090699	-0.032190	10844.408203
7163.611624	0.090725	-0.032190	10940.123047
7163.612504	0.090685	-0.032190	11019.925781
7163.613368	0.090659	-0.032190	11098.254883
7163.614455	0.090795	-0.032190	11196.948242
7163.615412	0.090656	-0.032190	11283.705078
7163.616292	0.090634	-0.032190	11363.462891
7163.617286	0.090765	-0.032190	11453.683594
7163.618342	0.090645	-0.032190	11549.404297
7164.698571	1.222676	-0.066685	537.977356
7164.699450	1.718958	-0.066685	2048.940918
7164.700445	1.695762	-0.066685	3736.223633
7164.701503	1.640460	-0.066685	5471.830566
7164.702410	1.593146	-0.066685	6916.813477
7164.703278	1.548706	-0.066685	8261.089844
7164.704382	1.498381	-0.066685	9915.302734
7164.705365	0.794103	-0.066685	10695.906250
7164.706222	0.097273	-0.066685	10779.269531
7164.707294	0.090688	-0.066685	10876.487305
7164.708327	0.090663	-0.066685	10970.141602
7164.709208	0.090615	-0.066685	11049.973633
7164.710124	0.090674	-0.066685	11133.031250
7164.711196	0.090619	-0.066685	11230.174805
7164.712141	0.090579	-0.066685	11315.771484
7164.712999	0.090590	-0.066685	11393.497070
7164.714026	0.090773	-0.066685	11486.720703
7164.715065	0.090586	-0.066685	11580.839844
7165.647878	1.269152	-0.035179	628.230042
7165.648814	1.722466	-0.035179	2240.458008
7165.649684	1.694766	-0.035179	3714.904297
7165.650769	1.638889	-0.035179	5493.099121
7165.651771	1.587741	-0.035179	7084.015137
7165.652667	1.543619	-0.035179	8467.097656
7165.653657	1.497587	-0.035179	9949.708008
7165.654714	0.652874	-0.035179	10639.794922
7165.655617	0.092670	-0.035179	10723.475586
7165.656477	0.090593	-0.035179	10801.385742
7165.657566	0.090784	-0.035179	10900.249023
7165.658557	0.090707	-0.035179	10990.139648
7165.659435	0.090659	-0.035179	11069.738281
7165.660444	0.090824	-0.035179	11161.379883
7165.661493	0.090710	-0.035179	11256.535156
7165.662368	0.090747	-0.035179	11335.938477
7165.663228	0.090769	-0.035179	11414.000000
7165.664360	0.090809	-0.035179	11516.795898
7166.728177	1.254393	-0.057806	602.108826
7166.729056	1.720572	-0.057806	2114.491943
7166.730009	1.696161	-0.057806	3730.933350
7166.731068	1.640010	-0.057806	5467.703613
7166.732018	1.591179	-0.057806	6979.323730
7166.732884	1.547908	-0.057806	8319.811523
7166.733938	1.498835	-0.057806	9899.583984
7166.734962	0.726354	-0.057806	10643.370117
7166.735842	0.094999	-0.057806	10726.968750
7166.736831	0.090758	-0.057806	10816.728516
7166.737873	0.090714	-0.057806	10911.252930
7166.738786	0.090601	-0.057806	10993.971680
7166.739643	0.090641	-0.057806	11071.651367
7166.740726	0.090784	-0.057806	11169.969727
7166.741719	0.090542	-0.057806	11259.877930
7166.742591	0.090641	-0.057806	11338.916992
7166.743582	0.090677	-0.057806	11428.778320
7166.744639	0.090604	-0.057806	11524.546875
7167.692223	1.195554	-0.040335	509.306061
7167.693140	1.715995	-0.040335	2082.873291
7167.694242	1.688965	-0.040335	3944.112549
7167.695189	1.639168	-0.040335	5496.404297
7167.696052	1.594340	-0.040335	6872.319336
7167.697080	1.543532	-0.040335	8459.069336
7167.698113	1.494869	-0.040335	10003.269531
7167.699010	0.809480	-0.040335	10729.373047
7167.699953	0.098057	-0.040335	10821.840820
7167.701004	0.090729	-0.040335	10917.196289
7167.701936	0.090663	-0.040335	11001.694336
7167.702802	0.090637	-0.040335	11080.186523
7167.703865	0.090952	-0.040335	11176.869141
7167.704874	0.090656	-0.040335	11268.340820
7167.705766	0.090692	-0.040335	11349.238281
7167.706737	0.090725	-0.040335	11437.332031
7167.707804	0.090798	-0.040335	11534.213867
7167.708717	0.090707	-0.040335	11617.029297
7168.758722	1.203981	-0.052525	518.915649
7168.759603	1.716453	-0.052525	2031.110352
7168.760695	1.690887	-0.052525	3877.559570
7168.761652	1.640804	-0.052525	5447.809570
7168.762521	1.595662	-0.052525	6834.439453
7168.763572	1.544919	-0.052525	8458.149414
7168.764616	1.495510	-0.052525	10019.461914
7168.765505	0.817119	-0.052525	10745.880859
7168.766445	0.098390	-0.052525	10838.367187
7168.767520	0.090677	-0.052525	10935.845703
7168.768453	0.090608	-0.052525	11020.382812
7168.769312	0.090656	-0.052525	11098.255859
7168.770347	0.090743	-0.052525	11192.174805
7168.771370	0.090656	-0.052525	11284.915039
7168.772258	0.090725	-0.052525	11365.478516
7168.773227	0.090685	-0.052525	11453.352539
7168.774274	0.090729	-0.052525	11548.345703
7168.775200	0.090645	-0.052525	11632.282227
7169.733651	1.280889	-0.035255	639.163452
7169.734662	1.722631	-0.035255	2380.743164
7169.735557	1.690173	-0.035255	3893.448242
7169.736545	1.638838	-0.035255	5512.620117
7169.737618	1.583807	-0.035255	7212.045410
7169.738531	1.539152	-0.035255	8617.291016
7169.739401	1.496517	-0.035255	9919.260742
7169.740504	0.613656	-0.035255	10596.123047
7169.741477	0.091230	-0.035255	10684.890625
7169.742354	0.090582	-0.035255	10764.331055
7169.743383	0.090732	-0.035255	10857.694336
7169.744429	0.090721	-0.035255	10952.588867
7169.745314	0.090692	-0.035255	11032.851562
7169.746192	0.090707	-0.035255	11112.492187
7169.747283	0.090769	-0.035255	11211.521484
7169.748241	0.090634	-0.035255	11298.348633
7169.749100	0.090696	-0.035255	11376.255859
7169.750147	0.090798	-0.035255	11471.321289
7170.791397	1.240968	-0.053113	558.435669
7170.792290	1.719587	-0.053113	2094.027344
7170.793167	1.699801	-0.053113	3584.752930
7170.794027	1.652267	-0.053113	5005.702148
7170.795021	1.602561	-0.053113	6598.647949
7170.795948	1.556964	-0.053113	8041.953613
7170.796826	1.514762	-0.053113	9371.915039
7170.797850	1.217292	-0.053113	10618.422852
7170.798752	0.147777	-0.053113	10751.717773
7170.799629	0.090531	-0.053113	10831.113281
7170.800588	0.090667	-0.053113	10918.062500
7170.801562	0.090623	-0.053113	11006.329102
7170.802481	0.090674	-0.053113	11089.658203
7170.803350	0.090630	-0.053113	11168.416016
7170.804388	0.090681	-0.053113	11262.542969
7170.805270	0.090692	-0.053113	11342.533203
7170.806190	0.090593	-0.053113	11425.878906
7170.807048	0.090659	-0.053113	11503.664062
7171.775424	1.207570	-0.032464	519.254944
7171.776298	1.718079	-0.032464	2020.855713
7171.777293	1.696531	-0.032464	3708.903809
7171.778235	1.646104	-0.032464	5259.533203
7171.779166	1.598807	-0.032464	6748.022949
7171.780039	1.554174	-0.032464	8104.816406
7171.781078	1.506394	-0.032464	9669.959961
7171.781965	1.154707	-0.032464	10694.185547
7171.782841	0.136285	-0.032464	10813.571289
7171.783819	0.090714	-0.032464	10902.290039
7171.784782	0.090615	-0.032464	10989.552734
7171.785689	0.090623	-0.032464	11071.747070
7171.786564	0.090685	-0.032464	11151.096680
7171.787582	0.090710	-0.032464	11243.439453
7171.788479	0.090667	-0.032464	11324.767578
7171.789348	0.090604	-0.032464	11403.502930
7171.790251	0.090721	-0.032464	11485.424805
7171.791266	0.090623	-0.032464	11577.406250
7172.825035	1.207218	-0.051393	520.310974
7172.825902	1.717654	-0.051393	2009.516846
7172.826954	1.693781	-0.051393	3791.374023
7172.827912	1.643155	-0.051393	5365.517090
7172.828785	1.597961	-0.051393	6760.537109
7172.829670	1.552844	-0.051393	8134.804199
7172.830775	1.502380	-0.051393	9794.934570
7172.831673	1.019392	-0.051393	10710.348633
7172.832537	0.113617	-0.051393	10808.513672
7172.833558	0.090762	-0.051393	10901.181641
7172.834536	0.090590	-0.051393	10989.778320
7172.835413	0.090579	-0.051393	11069.215820
7172.836274	0.090641	-0.051393	11147.257812
7172.837404	0.090736	-0.051393	11249.790039
7172.838300	0.090634	-0.051393	11330.998047
7172.839173	0.090619	-0.051393	11410.108398
7172.840182	0.090740	-0.051393	11501.665039
7172.841170	0.090656	-0.051393	11591.232422
7173.817358	1.270591	-0.034555	641.648315
7173.818234	1.721400	-0.034555	2149.594727
7173.819116	1.695875	-0.034555	3645.356689
7173.820220	1.639475	-0.034555	5455.336914
7173.821187	1.590220	-0.034555	6993.079102
7173.822057	1.547520	-0.034555	8339.420898
7173.823096	1.498506	-0.034555	9896.368164
7173.824129	0.718440	-0.034555	10638.516602
7173.825019	0.094193	-0.034555	10722.348633
7173.825938	0.090703	-0.034555	10805.705078
7173.827016	0.090846	-0.034555	10903.636719
7173.827962	0.090692	-0.034555	10989.431641
7173.828823	0.090725	-0.034555	11067.545898
7173.829879	0.090883	-0.034555	11163.517578
7173.830884	0.090641	-0.034555	11254.611328
7173.831769	0.090677	-0.034555	11334.861328
7173.832733	0.090707	-0.034555	11422.302734
7173.833761	0.090754	-0.034555	11515.598633
7174.859812	1.298507	-0.052787	671.328186
7174.860838	1.722513	-0.052787	2438.626953
7174.861721	1.689122	-0.052787	3930.122070
7174.862726	1.637197	-0.052787	5575.505371
7174.863777	1.583287	-0.052787	7239.540527
7174.864686	1.538654	-0.052787	8638.176758
7174.865550	1.496169	-0.052787	9930.867187
7174.866662	0.616886	-0.052787	10616.844727
7174.867646	0.091318	-0.052787	10706.702148
7174.868515	0.090652	-0.052787	10785.478516
7174.869504	0.090879	-0.052787	10875.357422
7174.870568	0.090677	-0.052787	10971.837891
7174.871454	0.090641	-0.052787	11052.145508
7174.872314	0.090710	-0.052787	11130.156250
7174.873411	0.090732	-0.052787	11229.689453
7174.874380	0.090688	-0.052787	11317.566406
7174.875242	0.090608	-0.052787	11395.670898
7174.876260	0.090784	-0.052787	11488.088867
7175.854056	1.256884	-0.039376	590.735291
7175.854932	1.719906	-0.039376	2097.372803
7175.855915	1.694619	-0.039376	3763.183350
7175.856970	1.639010	-0.039376	5492.338867
7175.857897	1.591472	-0.039376	6967.633789
7175.858763	1.547292	-0.039376	8307.588867
7175.859867	1.496587	-0.039376	9959.820312
7175.860853	0.722388	-0.039376	10672.094727
7175.861750	0.094252	-0.039376	10756.638672
7175.862735	0.090707	-0.039376	10845.984375
7175.863810	0.090630	-0.039376	10943.411133
7175.864696	0.090593	-0.039376	11023.676758
7175.865572	0.090623	-0.039376	11103.062500
7175.866665	0.090769	-0.039376	11202.273437
7175.867625	0.090630	-0.039376	11289.278320
7175.868484	0.090571	-0.039376	11367.079102
7175.869530	0.090754	-0.039376	11462.007812
7175.870561	0.090634	-0.039376	11555.451172
7176.898488	1.192914	-0.058579	505.795441
7176.899555	1.720232	-0.058579	2341.282959
7176.900580	1.685061	-0.058579	4068.470459
7176.901463	1.638442	-0.058579	5515.214844
7176.902444	1.589095	-0.058579	7074.117676
7176.903483	1.538207	-0.058579	8672.314453
7176.904401	1.494452	-0.058579	10044.221680
7176.905264	0.818386	-0.058579	10750.489258
7176.906347	0.093534	-0.058579	10851.786133
7176.907342	0.090586	-0.058579	10941.918945
7176.908209	0.090568	-0.058579	11020.441406
7176.909193	0.090729	-0.058579	11109.718750
7176.910243	0.090612	-0.058579	11204.861328
7176.911151	0.090542	-0.058579	11287.073242
7176.912015	0.090593	-0.058579	11365.345703
7176.913104	0.090754	-0.058579	11464.176758
7176.914091	0.090586	-0.058579	11553.584961
7176.914984	0.090590	-0.058579	11634.481445
7177.889818	1.289908	-0.038583	659.143188
7177.890771	1.722773	-0.038583	2300.946289
7177.891649	1.693260	-0.038583	3787.628906
7177.892681	1.638651	-0.038583	5478.716797
7177.893721	1.585972	-0.038583	7128.127441
7177.894617	1.542198	-0.038583	8509.937500
7177.895557	1.497792	-0.038583	9917.861328
7177.896636	0.645626	-0.038583	10614.492187
7177.897575	0.092014	-0.038583	10700.893555
7177.898439	0.090601	-0.038583	10779.172852
7177.899496	0.090692	-0.038583	10875.034180
7177.900496	0.090593	-0.038583	10965.626953
7177.901387	0.090553	-0.038583	11046.309570
7177.902353	0.090809	-0.038583	11134.031250
7177.903396	0.090623	-0.038583	11228.550781
7177.904302	0.090604	-0.038583	11310.638672
7177.905158	0.090758	-0.038583	11388.327148
7177.906224	0.090710	-0.038583	11485.024414
7178.936356	1.294838	-0.060537	670.725891
7178.937314	1.722733	-0.060537	2321.104248
7178.938175	1.693572	-0.060537	3779.269531
7178.939232	1.638625	-0.060537	5511.296387
7178.940272	1.585536	-0.060537	7160.253906
7178.941154	1.542191	-0.060537	8520.466797
7178.942100	1.497466	-0.060537	9937.069336
7178.943178	0.646527	-0.060537	10634.025391
7178.944100	0.092186	-0.060537	10719.021484
7178.944956	0.090612	-0.060537	10796.584961
7178.945999	0.090732	-0.060537	10891.218750
7178.947024	0.090623	-0.060537	10984.106445
7178.947913	0.090597	-0.060537	11064.647461
7178.948872	0.090626	-0.060537	11151.557617
7178.949924	0.090615	-0.060537	11246.884766
7178.950839	0.090641	-0.060537	11329.821289
7178.951709	0.090645	-0.060537	11408.681641
7178.952788	0.090703	-0.060537	11506.550781
7179.928536	1.208280	-0.039952	525.601807
7179.929410	1.718181	-0.039952	2027.292114
7179.930388	1.695941	-0.039952	3685.922363
7179.931296	1.647594	-0.039952	5181.937500
7179.932225	1.600525	-0.039952	6668.825195
7179.933100	1.555931	-0.039952	8030.265137
7179.934110	1.509481	-0.039952	9554.840820
7179.935034	1.203047	-0.039952	10666.456055
7179.935902	0.149246	-0.039952	10796.000977
7179.936936	0.090634	-0.039952	10889.715820
7179.937822	0.090626	-0.039952	10970.010742
7179.938732	0.090560	-0.039952	11052.420898
7179.939602	0.090663	-0.039952	11131.297852
7179.940561	0.090652	-0.039952	11218.233398
7179.941499	0.090575	-0.039952	11303.192383
7179.942382	0.090593	-0.039952	11383.186523
7179.943432	0.090721	-0.039952	11478.444336
7179.944325	0.090619	-0.039952	11559.367187
7180.973130	1.326335	-0.060755	749.379517
7180.974059	1.721942	-0.060755	2349.063721
7180.974988	1.689756	-0.060755	3918.846680
7180.975853	1.642240	-0.060755	5339.384277
7180.976899	1.590253	-0.060755	7002.788574
7180.977785	1.546604	-0.060755	8373.080078
7180.978655	1.505306	-0.060755	9682.696289
7180.979630	1.000682	-0.060755	10658.361328
7180.980569	0.105157	-0.060755	10757.104492
7180.981482	0.090502	-0.060755	10839.732422
7180.982358	0.090586	-0.060755	10919.085937
7180.983394	0.090604	-0.060755	11012.952148
7180.984285	0.090623	-0.060755	11093.697266
7180.985162	0.090656	-0.060755	11173.202148
7180.986094	0.090688	-0.060755	11257.723633
7180.987086	0.090568	-0.060755	11347.566406
7180.988006	0.090568	-0.060755	11430.888672
7180.988868	0.090645	-0.060755	11509.024414
7181.965242	1.189526	-0.040287	500.790588
7181.966228	1.716782	-0.040287	2193.537842
7181.967174	1.692682	-0.040287	3794.814941
7181.968094	1.644683	-0.040287	5307.922852
7181.968968	1.599316	-0.040287	6705.725586
7181.969996	1.549665	-0.040287	8298.781250
7181.970894	1.506310	-0.040287	9651.447266
7181.971774	1.182682	-0.040287	10692.207031
7181.972719	0.142570	-0.040287	10826.935547
7181.973694	0.090436	-0.040287	10915.110352
7181.974615	0.090586	-0.040287	10998.540039
7181.975472	0.090564	-0.040287	11076.153320
7181.976501	0.090586	-0.040287	11169.366211
7181.977400	0.090549	-0.040287	11250.770508
7181.978277	0.090527	-0.040287	11330.163086
7181.979269	0.090732	-0.040287	11420.169922
7181.980241	0.090531	-0.040287	11508.166016
7181.981163	0.090546	-0.040287	11591.649414
7183.011769	1.204834	-0.057407	510.849609
7183.012877	1.720939	-0.057407	2417.649658
7183.013793	1.688119	-0.057407	3963.966553
7183.014666	1.642189	-0.057407	5397.597168
7183.015655	1.591948	-0.057407	6972.034180
7183.016669	1.541378	-0.057407	8534.991211
7183.017567	1.499147	-0.057407	9881.224609
7183.018441	0.959949	-0.057407	10720.219727
7183.019511	0.096248	-0.057407	10823.205078
7183.020440	0.090685	-0.057407	10907.451172
7183.021318	0.090615	-0.057407	10987.011719
7183.022286	0.090681	-0.057407	11074.791016
7183.023300	0.090604	-0.057407	11166.664062
7183.024188	0.090593	-0.057407	11247.111328
7183.025046	0.090656	-0.057407	11324.893555
7183.026118	0.090615	-0.057407	11422.033203
7183.027042	0.090619	-0.057407	11505.764648
7183.027912	0.090601	-0.057407	11584.586914
7184.000955	1.195042	-0.040980	505.502563
7184.001826	1.715603	-0.040980	1999.792725
7184.002933	1.691074	-0.040980	3871.812012
7184.003836	1.643005	-0.040980	5355.445801
7184.004706	1.598097	-0.040980	6745.790039
7184.005789	1.545059	-0.040980	8419.088867
7184.006776	1.498575	-0.040980	9898.182617
7184.007656	0.949640	-0.040980	10733.865234
7184.008516	0.106886	-0.040980	10825.787109
7184.009635	0.090652	-0.040980	10927.226562
7184.010518	0.090652	-0.040980	11007.272461
7184.011376	0.090641	-0.040980	11085.041992
7184.012456	0.090795	-0.040980	11183.100586
7184.013423	0.090634	-0.040980	11270.743164
7184.014286	0.090670	-0.040980	11348.991211
7184.015148	0.090707	-0.040980	11427.180664
7184.016268	0.090707	-0.040980	11528.772461
7184.017174	0.090670	-0.040980	11610.919922
7185.051695	1.281006	-0.057339	694.305176
7185.052749	1.721345	-0.057339	2508.603027
7185.053657	1.685284	-0.057339	4038.841309
7185.054518	1.637919	-0.057339	5449.089355
7185.055620	1.583862	-0.057339	7194.505859
7185.056629	1.534534	-0.057339	8742.850586
7185.057514	1.492661	-0.057339	10063.855469
7185.058531	0.613030	-0.057339	10687.306641
7185.059576	0.091230	-0.057339	10782.642578
7185.060455	0.090637	-0.057339	10862.312500
7185.061339	0.090641	-0.057339	10942.439453
7185.062435	0.090699	-0.057339	11041.845703
7185.063391	0.090604	-0.057339	11128.462891
7185.064253	0.090641	-0.057339	11206.595703
7185.065264	0.090696	-0.057339	11298.289062
7185.066310	0.090582	-0.057339	11393.038086
7185.067195	0.090637	-0.057339	11473.251953
7185.068129	0.090670	-0.057339	11557.937500
7186.034679	1.223800	-0.038136	594.766846
7186.035741	1.720913	-0.038136	2422.376465
7186.036694	1.685471	-0.038136	4028.630371
7186.037565	1.638951	-0.038136	5456.157227
7186.038637	1.584708	-0.038136	7154.964355
7186.039660	1.535262	-0.038136	8725.538086
7186.040558	1.492244	-0.038136	10065.573242
7186.041522	0.680376	-0.038136	10721.456055
7186.042563	0.091637	-0.038136	10816.850586
7186.043478	0.090579	-0.038136	10899.730469
7186.044341	0.090641	-0.038136	10977.953125
7186.045419	0.090806	-0.038136	11075.841797
7186.046420	0.090630	-0.038136	11166.562500
7186.047293	0.090612	-0.038136	11245.666016
7186.048271	0.090685	-0.038136	11334.355469
7186.049320	0.090659	-0.038136	11429.457031
7186.050224	0.090637	-0.038136	11511.392578
7186.051083	0.090685	-0.038136	11589.291016
7187.094484	1.218823	-0.058745	549.689270
7187.095575	1.720562	-0.058745	2426.821777
7187.096532	1.685475	-0.058745	4039.821289
7187.097398	1.639457	-0.058745	5459.590820
7187.098438	1.586796	-0.058745	7109.858398
7187.099472	1.536709	-0.058745	8698.815430
7187.100355	1.494576	-0.058745	10018.526367
7187.101300	0.751186	-0.058745	10728.397461
7187.102377	0.092128	-0.058745	10827.619141
7187.103296	0.090560	-0.058745	10910.843750
7187.104164	0.090586	-0.058745	10989.472656
7187.105205	0.090677	-0.058745	11083.868164
7187.106220	0.090546	-0.058745	11175.772461
7187.107112	0.090674	-0.058745	11256.653320
7187.108072	0.090692	-0.058745	11343.717773
7187.109129	0.090648	-0.058745	11439.533203
7187.110052	0.090575	-0.058745	11523.133789
7187.110913	0.090652	-0.058745	11601.184570
7188.064187	1.201593	-0.037741	507.072266
7188.065265	1.720283	-0.037741	2361.537598
7188.066264	1.685123	-0.037741	4044.975830
7188.067159	1.638124	-0.037741	5511.096680
7188.068165	1.587517	-0.037741	7108.138672
7188.069215	1.536482	-0.037741	8721.444336
7188.070121	1.492885	-0.037741	10073.998047
7188.070994	0.751761	-0.037741	10730.286133
7188.072098	0.092333	-0.037741	10832.221680
7188.073052	0.090590	-0.037741	10918.644531
7188.073915	0.090656	-0.037741	10996.879883
7188.074978	0.090802	-0.037741	11093.402344
7188.076025	0.090677	-0.037741	11188.341797
7188.076898	0.090670	-0.037741	11267.497070
7188.077808	0.090692	-0.037741	11350.027344
7188.078866	0.090674	-0.037741	11445.959961
7188.079804	0.090612	-0.037741	11530.953125
7188.080668	0.090652	-0.037741	11609.276367
7189.138964	1.275710	-0.061222	651.888062
7189.139867	1.721668	-0.061222	2206.553711
7189.140731	1.695143	-0.061222	3671.156982
7189.141836	1.638560	-0.061222	5481.765137
7189.142842	1.586803	-0.061222	7078.088867
7189.143739	1.543249	-0.061222	8462.383789
7189.144731	1.496961	-0.061222	9947.369141
7189.145800	0.641122	-0.061222	10632.728516
7189.146687	0.092552	-0.061222	10714.822266
7189.147559	0.090667	-0.061222	10793.883789
7189.148657	0.090703	-0.061222	10893.475586
7189.149618	0.090601	-0.061222	10980.542969
7189.150477	0.090608	-0.061222	11058.375000
7189.151534	0.090747	-0.061222	11154.294922
7189.152568	0.090703	-0.061222	11248.082031
7189.153453	0.090648	-0.061222	11328.305664
7189.154375	0.090714	-0.061222	11411.944336
7189.155456	0.090762	-0.061222	11510.057617
7190.092746	1.218688	-0.036069	535.003906
7190.093621	1.717690	-0.036069	2037.983032
7190.094606	1.694883	-0.036069	3707.442383
7190.095686	1.639805	-0.036069	5478.431641
7190.096569	1.593197	-0.036069	6885.224609
7190.097437	1.548842	-0.036069	8229.619141
7190.098552	1.497737	-0.036069	9899.595703
7190.099516	0.824414	-0.036069	10694.331055
7190.100383	0.098152	-0.036069	10779.428711
7190.101424	0.090776	-0.036069	10873.926758
7190.102457	0.090718	-0.036069	10967.638672
7190.103346	0.090710	-0.036069	11048.280273
7190.104275	0.090740	-0.036069	11132.577148
7190.105348	0.090707	-0.036069	11229.905273
7190.106293	0.090619	-0.036069	11315.540039
7190.107156	0.090674	-0.036069	11393.791992
7190.108216	0.090765	-0.036069	11490.002930
7190.109230	0.090696	-0.036069	11581.968750
7191.186380	1.222024	-0.067454	534.024475
7191.187243	1.716526	-0.067454	2015.386230
7191.188330	1.690876	-0.067454	3853.369141
7191.189322	1.638497	-0.067454	5478.758789
7191.190204	1.593241	-0.067454	6883.997070
7191.191212	1.544736	-0.067454	8441.090820
7191.192278	1.495020	-0.067454	10034.781250
7191.193164	0.798391	-0.067454	10742.156250
7191.194044	0.097782	-0.067454	10828.204102
7191.195151	0.090681	-0.067454	10928.587891
7191.196087	0.090579	-0.067454	11013.369141
7191.196953	0.090604	-0.067454	11091.832031
7191.197973	0.090659	-0.067454	11184.304687
7191.199020	0.090612	-0.067454	11279.174805
7191.199909	0.090597	-0.067454	11359.715820
7191.200815	0.090637	-0.067454	11441.833008
7191.201896	0.090677	-0.067454	11539.855469
7191.202842	0.090612	-0.067454	11625.574219
7192.123328	1.200531	-0.030985	512.626709
7192.124303	1.716372	-0.030985	2186.089355
7192.125377	1.687493	-0.030985	3998.456543
7192.126271	1.639142	-0.030985	5463.849609
7192.127145	1.592633	-0.030985	6855.811035
7192.128232	1.541008	-0.030985	8530.886719
7192.129231	1.493511	-0.030985	10022.904297
7192.130132	0.784790	-0.030985	10730.000000
7192.131117	0.095662	-0.030985	10824.226562
7192.132178	0.090648	-0.030985	10920.404297
7192.133063	0.090670	-0.030985	11000.647461
7192.133947	0.090663	-0.030985	11080.792969
7192.135060	0.090780	-0.030985	11181.831055
7192.136016	0.090590	-0.030985	11268.434570
7192.136885	0.090645	-0.030985	11347.205078
7192.137922	0.090758	-0.030985	11441.321289
7192.138946	0.090699	-0.030985	11534.197266
7192.139831	0.090652	-0.030985	11614.423828
7193.228315	1.290311	-0.075849	656.768433
7193.229260	1.722385	-0.075849	2284.422363
7193.230127	1.694092	-0.075849	3753.199951
7193.231185	1.639087	-0.075849	5487.354004
7193.232214	1.586316	-0.075849	7119.673340
7193.233103	1.542953	-0.075849	8491.358398
7193.234071	1.497934	-0.075849	9941.359375
7193.235128	0.666639	-0.075849	10645.997070
7193.236051	0.092596	-0.075849	10731.463867
7193.236908	0.090736	-0.075849	10809.224609
7193.237950	0.090729	-0.075849	10903.763672
7193.238969	0.090568	-0.075849	10996.051758
7193.239858	0.090637	-0.075849	11076.627930
7193.240830	0.090597	-0.075849	11164.688477
7193.241882	0.090721	-0.075849	11260.126953
7193.242788	0.090586	-0.075849	11342.198242
7193.243658	0.090623	-0.075849	11421.040039
7193.244743	0.090696	-0.075849	11519.445312
7194.156483	1.194628	-0.030127	507.716797
7194.157475	1.716493	-0.030127	2210.477783
7194.158543	1.686599	-0.030127	4011.765625
7194.159444	1.638721	-0.030127	5488.252930
7194.160305	1.592520	-0.030127	6859.412109
7194.161404	1.541019	-0.030127	8552.992187
7194.162371	1.494781	-0.030127	9998.446289
7194.163250	0.848027	-0.030127	10743.862305
7194.164267	0.096991	-0.030127	10842.501953
7194.165326	0.090637	-0.030127	10938.486328
7194.166193	0.090648	-0.030127	11017.078125
7194.167083	0.090758	-0.030127	11097.852539
7194.168173	0.090699	-0.030127	11196.714844
7194.169117	0.090641	-0.030127	11282.280273
7194.169984	0.090645	-0.030127	11360.869141
7194.170989	0.090791	-0.030127	11452.114258
7194.172037	0.090758	-0.030127	11547.228516
7194.172926	0.090692	-0.030127	11627.853516
7195.268025	1.197023	-0.076856	503.946594
7195.269018	1.720166	-0.076856	2212.071289
7195.269947	1.693989	-0.076856	3785.787354
7195.270813	1.647653	-0.076856	5212.654297
7195.271835	1.595541	-0.076856	6843.296875
7195.272759	1.549779	-0.076856	8275.292969
7195.273674	1.506680	-0.076856	9653.905273
7195.274556	1.183627	-0.076856	10697.864258
7195.275530	0.117166	-0.076856	10811.983398
7195.276485	0.090590	-0.076856	10898.496094
7195.277371	0.090612	-0.076856	10978.778320
7195.278352	0.090626	-0.076856	11067.682617
7195.279264	0.090619	-0.076856	11150.327148
7195.280177	0.090630	-0.076856	11233.072266
7195.281038	0.090645	-0.076856	11311.117187
7195.282083	0.090590	-0.076856	11405.783203
7195.282955	0.090645	-0.076856	11484.825195
7195.283828	0.090564	-0.076856	11563.887695
7196.197889	1.263849	-0.033991	623.077515
7196.198857	1.722283	-0.033991	2290.247070
7196.199724	1.693883	-0.033991	3758.843750
7196.200806	1.637007	-0.033991	5530.084961
7196.201858	1.583606	-0.033991	7196.038086
7196.202760	1.539525	-0.033991	8584.689453
7196.203688	1.495719	-0.033991	9972.716797
7196.204771	0.589940	-0.033991	10611.622070
7196.205721	0.091410	-0.033991	10698.461914
7196.206649	0.090619	-0.033991	10782.556641
7196.207523	0.090674	-0.033991	10861.805664
7196.208454	0.090659	-0.033991	10946.208984
7196.209389	0.090674	-0.033991	11030.989258
7196.210320	0.090696	-0.033991	11115.426758
7196.211187	0.090615	-0.033991	11193.990234
7196.212099	0.090637	-0.033991	11276.651367
7196.213054	0.090630	-0.033991	11363.203125
7196.213948	0.090623	-0.033991	11444.219727
7197.303224	1.189984	-0.069734	504.553253
7197.304182	1.715460	-0.069734	2147.964111
7197.305213	1.690071	-0.069734	3890.427002
7197.306103	1.642950	-0.069734	5352.652832
7197.306970	1.597511	-0.069734	6737.694824
7197.308048	1.545868	-0.069734	8404.140625
7197.308976	1.501736	-0.069734	9797.751953
7197.309852	1.058741	-0.069734	10725.208984
7197.310817	0.118195	-0.069734	10839.266602
7197.311849	0.090670	-0.069734	10932.837891
7197.312720	0.090762	-0.069734	11011.891602
7197.313583	0.090645	-0.069734	11090.118164
7197.314625	0.090670	-0.069734	11184.596680
7197.315570	0.090681	-0.069734	11270.290039
7197.316444	0.090674	-0.069734	11349.539062
7197.317379	0.090780	-0.069734	11434.417969
7197.318429	0.090667	-0.069734	11529.618164
7197.319312	0.090656	-0.069734	11609.666992
7198.239176	1.205665	-0.032891	524.464417
7198.240042	1.716980	-0.032891	2011.369141
7198.241095	1.692814	-0.032891	3793.901855
7198.242055	1.642577	-0.032891	5370.775879
7198.242927	1.597222	-0.032891	6763.553223
7198.243819	1.551811	-0.032891	8147.769043
7198.244916	1.501564	-0.032891	9794.984375
7198.245813	1.020059	-0.032891	10709.976562
7198.246719	0.113053	-0.032891	10812.402344
7198.247813	0.090776	-0.032891	10911.711914
7198.248760	0.090677	-0.032891	10997.583008
7198.249629	0.090743	-0.032891	11076.439453
7198.250666	0.090813	-0.032891	11170.612305
7198.251688	0.090703	-0.032891	11263.310547
7198.252573	0.090637	-0.032891	11343.524414
7198.253509	0.090736	-0.032891	11428.453125
7198.254567	0.090795	-0.032891	11524.513672
7198.255504	0.090692	-0.032891	11609.492187
7199.333902	1.278270	-0.069464	640.413391
7199.334937	1.721807	-0.069464	2422.483154
7199.335833	1.688558	-0.069464	3935.431396
7199.336787	1.639032	-0.069464	5499.067871
7199.337833	1.585287	-0.069464	7157.277832
7199.338758	1.540338	-0.069464	8582.090820
7199.339622	1.498246	-0.069464	9876.575195
7199.340702	0.717151	-0.069464	10651.097656
7199.341721	0.091948	-0.069464	10744.792969
7199.342601	0.090579	-0.069464	10824.501953
7199.343592	0.090615	-0.069464	10914.301758
7199.344639	0.090736	-0.069464	11009.302734
7199.345541	0.090692	-0.069464	11091.107422
7199.346399	0.090593	-0.069464	11168.836914
7199.347480	0.090736	-0.069464	11266.922852
7199.348488	0.090575	-0.069464	11358.222656
7199.349361	0.090575	-0.069464	11437.294922
7199.350349	0.090667	-0.069464	11526.873047
7200.286737	1.255583	-0.033181	642.858704
7200.287801	1.720953	-0.033181	2473.953125
7200.288721	1.684962	-0.033181	4024.118164
7200.289593	1.637930	-0.033181	5452.392578
7200.290668	1.584174	-0.033181	7155.378906
7200.291670	1.535618	-0.033181	8694.068359
7200.292566	1.493408	-0.033181	10032.162109
7200.293542	0.675476	-0.033181	10691.426758
7200.294599	0.091564	-0.033181	10788.209961
7200.295508	0.090637	-0.033181	10870.599609
7200.296374	0.090721	-0.033181	10949.164062
7200.297472	0.090754	-0.033181	11048.812500
7200.298450	0.090623	-0.033181	11137.441406
7200.299319	0.090648	-0.033181	11216.214844
7200.300403	0.090721	-0.033181	11314.556641
7200.301437	0.090688	-0.033181	11408.328125
7200.302329	0.090688	-0.033181	11489.222656
7200.303250	0.090732	-0.033181	11572.787109
7201.363994	1.290645	-0.065254	658.228699
7201.364995	1.722092	-0.065254	2382.042969
7201.365889	1.689536	-0.065254	3892.488281
7201.366888	1.637384	-0.065254	5528.234863
7201.367945	1.583730	-0.065254	7202.237793
7201.368838	1.539899	-0.065254	8577.367187
7201.369748	1.495997	-0.065254	9938.724609
7201.370854	0.592247	-0.065254	10593.750000
7201.371805	0.091373	-0.065254	10680.646484
7201.372669	0.090663	-0.065254	10758.979492
7201.373729	0.090718	-0.065254	10855.140625
7201.374744	0.090608	-0.065254	10947.107422
7201.375640	0.090623	-0.065254	11028.305664
7201.376588	0.090743	-0.065254	11114.330078
7201.377636	0.090699	-0.065254	11209.382812
7201.378562	0.090641	-0.065254	11293.316406
7201.379422	0.090601	-0.065254	11371.232422
7201.380487	0.090765	-0.065254	11467.897461
7202.331594	1.212609	-0.037217	532.335144
7202.332465	1.717778	-0.037217	2028.520020
7202.333475	1.694022	-0.037217	3739.482422
7202.334534	1.639094	-0.037217	5475.283203
7202.335432	1.592593	-0.037217	6905.431641
7202.336350	1.546952	-0.037217	8325.533203
7202.337429	1.496404	-0.037217	9940.153320
7202.338388	0.784827	-0.037217	10692.801758
7202.339255	0.096844	-0.037217	10776.765625
7202.340312	0.090721	-0.037217	10872.658203
7202.341342	0.090667	-0.037217	10966.044922
7202.342233	0.090670	-0.037217	11046.832031
7202.343187	0.090736	-0.037217	11133.394531
7202.344246	0.090762	-0.037217	11229.510742
7202.345180	0.090645	-0.037217	11314.172852
7202.346041	0.090732	-0.037217	11392.293945
7202.347108	0.090813	-0.037217	11489.191406
7202.348113	0.090663	-0.037217	11580.307617
7203.392441	1.191658	-0.052283	504.071198
7203.393496	1.719569	-0.052283	2318.216553
7203.394523	1.685138	-0.052283	4048.853271
7203.395423	1.637150	-0.052283	5522.288086
7203.396382	1.588934	-0.052283	7046.076172
7203.397431	1.537610	-0.052283	8659.029297
7203.398366	1.493207	-0.052283	10055.177734
7203.399238	0.794356	-0.052283	10747.855469
7203.400309	0.093171	-0.052283	10847.641602
7203.401311	0.090630	-0.052283	10938.453125
7203.402190	0.090590	-0.052283	11018.081055
7203.403178	0.090707	-0.052283	11107.699219
7203.404220	0.090674	-0.052283	11202.181641
7203.405128	0.090597	-0.052283	11284.443359
7203.405988	0.090703	-0.052283	11362.448242
7203.407087	0.090688	-0.052283	11462.115234
7203.408084	0.090667	-0.052283	11552.509766
7203.408955	0.090590	-0.052283	11631.413086
7204.375489	1.202402	-0.045471	515.830627
7204.376489	1.716493	-0.045471	2232.323486
7204.377552	1.686482	-0.045471	4025.053711
7204.378439	1.638376	-0.045471	5478.293945
7204.379307	1.591622	-0.045471	6859.822266
7204.380407	1.540206	-0.045471	8554.048828
7204.381383	1.494302	-0.045471	10012.487305
7204.382258	0.836338	-0.045471	10744.283203
7204.383327	0.093593	-0.045471	10844.333984
7204.384370	0.090688	-0.045471	10938.921875
7204.385260	0.090677	-0.045471	11019.625000
7204.386189	0.090754	-0.045471	11103.935547
7204.387263	0.090703	-0.045471	11201.350586
7204.388195	0.090619	-0.045471	11285.807617
7204.389065	0.090710	-0.045471	11364.725586
7204.390130	0.090864	-0.045471	11461.496094
7204.391137	0.090604	-0.045471	11552.734375
7204.392032	0.090597	-0.045471	11633.818359
7205.425085	1.195250	-0.051623	509.176575
7205.425972	1.714969	-0.051623	2030.354492
7205.427076	1.689368	-0.051623	3895.416504
7205.428036	1.639105	-0.051623	5468.957520
7205.428899	1.594482	-0.051623	6844.996094
7205.429947	1.543608	-0.051623	8462.697266
7205.430983	1.494613	-0.051623	10011.116211
7205.431870	0.817771	-0.051623	10736.479492
7205.432841	0.098350	-0.051623	10831.976562
7205.433892	0.090729	-0.051623	10927.332031
7205.434819	0.090615	-0.051623	11011.332031
7205.435676	0.090582	-0.051623	11088.960937
7205.436704	0.090743	-0.051623	11182.245117
7205.437717	0.090623	-0.051623	11274.045898
7205.438605	0.090688	-0.051623	11354.577148
7205.439560	0.090732	-0.051623	11441.226562
7205.440615	0.090663	-0.051623	11536.875977
7205.441533	0.090623	-0.051623	11620.067383
7206.416903	1.264592	-0.049435	631.031555
7206.417858	1.722151	-0.049435	2275.685547
7206.418776	1.690854	-0.049435	3827.889893
7206.419709	1.642588	-0.049435	5360.424316
7206.420573	1.597266	-0.049435	6740.461914
7206.421548	1.550244	-0.049435	8251.950195
7206.422481	1.506372	-0.049435	9657.395508
7206.423347	1.161654	-0.049435	10663.387695
7206.424394	0.111335	-0.049435	10779.956055
7206.425271	0.090593	-0.049435	10859.406250
7206.426178	0.090696	-0.049435	10941.666992
7206.427051	0.090656	-0.049435	11020.809570
7206.428044	0.090608	-0.049435	11110.783203
7206.428967	0.090590	-0.049435	11194.397461
7206.429851	0.090590	-0.049435	11274.478516
7206.430875	0.090656	-0.049435	11367.309570
7206.431769	0.090667	-0.049435	11448.365234
7206.432691	0.090634	-0.049435	11531.929687
7207.461859	1.242539	-0.054080	545.474670
7207.462720	1.716277	-0.054080	2023.188965
7207.463870	1.687764	-0.054080	3964.117187
7207.464761	1.639475	-0.054080	5424.889648
7207.465640	1.594427	-0.054080	6826.391602
7207.466649	1.545337	-0.054080	8385.636719
7207.467660	1.497279	-0.054080	9899.385742
7207.468563	0.911492	-0.054080	10722.462891
7207.469424	0.103488	-0.054080	10811.565430
7207.470538	0.090670	-0.054080	10912.572266
7207.471449	0.090699	-0.054080	10995.199219
7207.472327	0.090557	-0.054080	11074.708008
7207.473308	0.090754	-0.054080	11163.738281
7207.474306	0.090645	-0.054080	11254.201172
7207.475191	0.090575	-0.054080	11334.360352
7207.476049	0.090637	-0.054080	11412.126953
7207.477146	0.090762	-0.054080	11511.692383
7207.478052	0.090623	-0.054080	11593.796875
