time (s)	coil I (A)	last det (V)	int current (uC)
4644.313148	1.319817	0.344631	683.665100
4644.314130	1.722026	0.344631	2374.695068
4644.315072	1.688170	0.344631	3964.951172
4644.315954	1.641302	0.344631	5412.580078
4644.316837	1.594929	0.344631	6820.902344
4644.317823	1.547282	0.344631	8346.521484
4644.318748	1.503977	0.344631	9737.700195
4644.319610	1.082237	0.344631	10670.588867
4644.320652	0.103030	0.344631	10777.946289
4644.321551	0.090553	0.344631	10859.353516
4644.322466	0.090619	0.344631	10942.269531
4644.323325	0.090623	0.344631	11020.114258
4644.324328	0.090626	0.344631	11111.012695
4644.325249	0.090619	0.344631	11194.472656
4644.326110	0.090586	0.344631	11272.466797
4644.327139	0.090593	0.344631	11365.687500
4644.328023	0.090560	0.344631	11445.743164
4644.328944	0.090663	0.344631	11529.243164
4645.375928	1.194727	0.343862	501.785156
4645.376984	1.720422	0.343862	2318.551270
4645.377869	1.693030	0.343862	3816.882568
4645.378739	1.646840	0.343862	5249.632812
4645.379675	1.598621	0.343862	6745.941895
4645.380668	1.549929	0.343862	8285.021484
4645.381575	1.506929	0.343862	9651.805664
4645.382461	1.179987	0.343862	10697.273437
4645.383510	0.115364	0.343862	10818.290039
4645.384419	0.090538	0.343862	10900.589844
4645.385288	0.090623	0.343862	10979.340820
4645.386152	0.090732	0.343862	11057.733398
4645.387205	0.090604	0.343862	11153.139648
4645.388092	0.090564	0.343862	11233.469727
4645.388960	0.090615	0.343862	11312.124023
4645.389966	0.090710	0.343862	11403.378906
4645.390875	0.090641	0.343862	11485.771484
4645.391785	0.090608	0.343862	11568.224609
4646.354875	1.188439	0.376362	501.521118
4646.355797	1.714420	0.376362	2082.216553
4646.356861	1.690679	0.376362	3881.098633
4646.357757	1.642881	0.376362	5353.120117
4646.358622	1.598243	0.376362	6735.600586
4646.359684	1.546227	0.376362	8377.693359
4646.360637	1.501220	0.376362	9808.355469
4646.361517	1.036106	0.376362	10720.128906
4646.362426	0.116342	0.376362	10825.883789
4646.363506	0.090696	0.376362	10923.834961
4646.364387	0.090652	0.376362	11003.699219
4646.365244	0.090648	0.376362	11081.384766
4646.366258	0.090773	0.376362	11173.428711
4646.367231	0.090626	0.376362	11261.608398
4646.368106	0.090634	0.376362	11340.913086
4646.368983	0.090729	0.376362	11420.482422
4646.370104	0.090721	0.376362	11522.181641
4646.370992	0.090663	0.376362	11602.690430
4647.406107	1.290260	0.378509	656.742310
4647.407065	1.721796	0.378509	2306.222656
4647.407949	1.692546	0.378509	3802.433594
4647.408958	1.639860	0.378509	5457.051758
4647.410019	1.586276	0.378509	7140.090332
4647.410911	1.541979	0.378509	8515.535156
4647.411809	1.498605	0.378509	9861.282227
4647.412896	0.686246	0.378509	10607.232422
4647.413855	0.092205	0.378509	10695.656250
4647.414715	0.090557	0.378509	10773.535156
4647.415756	0.090699	0.378509	10867.953125
4647.416783	0.090623	0.378509	10961.022461
4647.417672	0.090579	0.378509	11041.546875
4647.418602	0.090740	0.378509	11125.934570
4647.419651	0.090656	0.378509	11221.032227
4647.420593	0.090619	0.378509	11306.395508
4647.421453	0.090677	0.378509	11384.377930
4647.422502	0.090721	0.378509	11479.544922
4648.399393	1.298851	0.372467	671.506165
4648.400343	1.721616	0.372467	2307.041504
4648.401207	1.693444	0.372467	3770.176758
4648.402299	1.636688	0.372467	5557.440430
4648.403328	1.584543	0.372467	7187.935547
4648.404219	1.540551	0.372467	8560.566406
4648.405151	1.496613	0.372467	9955.409180
4648.406209	0.640437	0.372467	10632.991211
4648.407147	0.092054	0.372467	10719.337891
4648.408008	0.090604	0.372467	10797.347656
4648.409064	0.090718	0.372467	10893.145508
4648.410084	0.090626	0.372467	10985.583984
4648.410957	0.090590	0.372467	11064.668945
4648.411902	0.090688	0.372467	11150.369141
4648.412969	0.090773	0.372467	11247.223633
4648.413887	0.090553	0.372467	11330.351562
4648.414750	0.090615	0.372467	11408.552734
4648.415804	0.090718	0.372467	11504.168945
4649.445435	1.320212	0.381378	734.038147
4649.446499	1.720459	0.381378	2564.606445
4649.447398	1.684530	0.381378	4078.999023
4649.448308	1.635249	0.381378	5567.075684
4649.449412	1.580237	0.381378	7311.657227
4649.450363	1.534332	0.381378	8770.807617
4649.451233	1.492709	0.381378	10069.463867
4649.452287	0.557032	0.381378	10656.576172
4649.453294	0.091044	0.381378	10748.256836
4649.454179	0.090670	0.381378	10828.500000
4649.455131	0.090601	0.381378	10914.751953
4649.456168	0.090685	0.381378	11008.791992
4649.457097	0.090674	0.381378	11093.028320
4649.457956	0.090696	0.381378	11170.935547
4649.459031	0.090754	0.381378	11268.496094
4649.460034	0.090710	0.381378	11359.478516
4649.460908	0.090721	0.381378	11438.769531
4649.461874	0.090685	0.381378	11526.371094
4650.439176	1.267485	0.347588	632.475159
4650.440129	1.721415	0.347588	2272.983398
4650.440993	1.694656	0.347588	3737.166016
4650.442070	1.637966	0.347588	5501.255859
4650.443125	1.584401	0.347588	7172.798340
4650.444020	1.540836	0.347588	8551.846680
4650.444958	1.496484	0.347588	9955.548828
4650.446026	0.620328	0.347588	10618.059570
4650.446966	0.091824	0.347588	10704.374023
4650.447829	0.090652	0.347588	10782.606445
4650.448872	0.090699	0.347588	10877.206055
4650.449880	0.090623	0.347588	10968.553711
4650.450768	0.090688	0.347588	11049.084961
4650.451727	0.090696	0.347588	11136.062500
4650.452775	0.090670	0.347588	11231.084961
4650.453698	0.090597	0.347588	11314.706055
4650.454559	0.090674	0.347588	11392.776367
4650.455615	0.090806	0.347588	11488.666992
4651.484088	1.189977	0.349848	503.360199
4651.485069	1.715083	0.349848	2185.856689
4651.486126	1.687639	0.349848	3969.691406
4651.487044	1.638896	0.349848	5474.198242
4651.487907	1.593087	0.349848	6849.032227
4651.489021	1.540305	0.349848	8564.931641
4651.489988	1.494093	0.349848	10009.719727
4651.490877	0.817826	0.349848	10736.766602
4651.491905	0.095936	0.349848	10835.388672
4651.492947	0.090765	0.349848	10929.965820
4651.493826	0.090645	0.349848	11009.642578
4651.494692	0.090688	0.349848	11088.178711
4651.495795	0.090817	0.349848	11188.349609
4651.496753	0.090604	0.349848	11275.148437
4651.497611	0.090685	0.349848	11352.956055
4651.498639	0.090765	0.349848	11446.262695
4651.499676	0.090703	0.349848	11540.322266
4651.500546	0.090615	0.349848	11619.157227
4652.475922	1.286272	0.361377	658.571228
4652.476847	1.720957	0.361377	2250.456543
4652.477717	1.693715	0.361377	3723.988281
4652.478814	1.637465	0.361377	5520.287109
4652.479811	1.586188	0.361377	7101.716309
4652.480707	1.542905	0.361377	8484.159180
4652.481698	1.496521	0.361377	9967.210937
4652.482769	0.623046	0.361377	10634.493164
4652.483665	0.092153	0.361377	10717.062500
4652.484526	0.090670	0.361377	10795.129883
4652.485647	0.090773	0.361377	10896.885742
4652.486629	0.090648	0.361377	10985.902344
4652.487493	0.090641	0.361377	11064.215820
4652.488598	0.090776	0.361377	11164.523437
4652.489612	0.090619	0.361377	11256.411133
4652.490489	0.090641	0.361377	11335.903320
4652.491418	0.090784	0.361377	11420.241211
4652.492473	0.090754	0.361377	11515.987305
4653.522968	1.309178	0.335427	680.772827
4653.523872	1.720525	0.335427	2236.127441
4653.524786	1.693407	0.335427	3783.901367
4653.525668	1.646049	0.335427	5235.716309
4653.526666	1.596698	0.335427	6829.220703
4653.527588	1.550702	0.335427	8258.967773
4653.528463	1.509049	0.335427	9579.385742
4653.529548	0.983701	0.335427	10646.701172
4653.530451	0.107776	0.335427	10744.022461
4653.531373	0.090553	0.335427	10827.512695
4653.532235	0.090608	0.335427	10905.617187
4653.533236	0.090623	0.335427	10996.330078
4653.534150	0.090652	0.335427	11079.185547
4653.535029	0.090656	0.335427	11158.872070
4653.535896	0.090670	0.335427	11237.483398
4653.536868	0.090663	0.335427	11325.607422
4653.537793	0.090677	0.335427	11409.484375
4653.538657	0.090667	0.335427	11487.820312
4654.508471	1.184744	0.408178	498.777069
4654.509435	1.716006	0.408178	2153.006592
4654.510342	1.694945	0.408178	3690.321777
4654.511268	1.647063	0.408178	5215.501953
4654.512150	1.601400	0.408178	6627.937012
4654.513125	1.553474	0.408178	8142.574219
4654.514067	1.508503	0.408178	9563.583984
4654.514963	1.235394	0.408178	10670.497070
4654.515983	0.143584	0.408178	10816.953125
4654.516880	0.090531	0.408178	10898.159180
4654.517801	0.090597	0.408178	10981.598633
4654.518667	0.090667	0.408178	11060.116211
4654.519625	0.090703	0.408178	11147.009766
4654.520549	0.090674	0.408178	11230.791992
4654.521436	0.090648	0.408178	11311.197266
4654.522422	0.090736	0.408178	11400.663086
4654.523361	0.090637	0.408178	11485.771484
4654.524292	0.090747	0.408178	11570.256836
4655.564732	1.189567	0.343725	503.186676
4655.565747	1.716508	0.343725	2245.441895
4655.566637	1.692737	0.343725	3751.977539
4655.567549	1.645627	0.343725	5252.790039
4655.568426	1.599071	0.343725	6655.175293
4655.569478	1.548633	0.343725	8284.336914
4655.570378	1.505808	0.343725	9639.564453
4655.571259	1.188710	0.343725	10686.817383
4655.572251	0.135157	0.343725	10820.893555
4655.573186	0.090582	0.343725	10905.587891
4655.574102	0.090623	0.343725	10988.598633
4655.574964	0.090645	0.343725	11066.734375
4655.576004	0.090612	0.343725	11160.970703
4655.576879	0.090663	0.343725	11240.300781
4655.577745	0.090630	0.343725	11318.786133
4655.578685	0.090677	0.343725	11404.023437
4655.579656	0.090634	0.343725	11492.028320
4655.580566	0.090626	0.343725	11574.498047
4656.541727	1.273059	0.427329	669.629089
4656.542743	1.721645	0.427329	2418.820801
4656.543638	1.687921	0.427329	3929.510254
4656.544517	1.642229	0.427329	5373.029297
4656.545530	1.591150	0.427329	6984.864258
4656.546459	1.544524	0.427329	8419.726562
4656.547335	1.502926	0.427329	9736.290039
4656.548340	0.920669	0.427329	10661.562500
4656.549348	0.096625	0.427329	10758.959961
4656.550226	0.090612	0.427329	10838.516602
4656.551094	0.090623	0.427329	10917.176758
4656.552142	0.090703	0.427329	11012.233398
4656.553076	0.090593	0.427329	11096.847656
4656.553955	0.090656	0.427329	11176.534180
4656.554914	0.090652	0.427329	11263.469727
4656.555927	0.090630	0.427329	11355.277344
4656.556824	0.090619	0.427329	11436.562500
4656.557682	0.090659	0.427329	11514.347656
4657.607100	1.191482	0.340696	506.379822
4657.608042	1.714065	0.340696	2121.029053
4657.609097	1.689207	0.340696	3903.142090
4657.609990	1.642229	0.340696	5369.652344
4657.610857	1.597028	0.340696	6754.275391
4657.611908	1.545868	0.340696	8378.982422
4657.612863	1.500960	0.340696	9812.398437
4657.613745	1.028339	0.340696	10719.393555
4657.614674	0.115313	0.340696	10826.518555
4657.615725	0.090597	0.340696	10921.736328
4657.616601	0.090681	0.340696	11001.172852
4657.617456	0.090645	0.340696	11078.673828
4657.618505	0.090743	0.340696	11173.863281
4657.619453	0.090590	0.340696	11259.742187
4657.620326	0.090579	0.340696	11338.817383
4657.621205	0.090699	0.340696	11418.541992
4657.622313	0.090623	0.340696	11518.952148
4657.623205	0.090652	0.340696	11599.813477
4658.576327	1.210353	0.430773	526.503479
4658.577202	1.716097	0.430773	2028.088623
4658.578207	1.694971	0.430773	3731.534180
4658.579201	1.642027	0.430773	5363.709473
4658.580089	1.596552	0.430773	6781.447266
4658.580954	1.552548	0.430773	8124.400879
4658.582048	1.502728	0.430773	9768.385742
4658.582969	1.012130	0.430773	10700.557617
4658.583834	0.112998	0.430773	10798.300781
4658.584833	0.090707	0.430773	10888.916992
4658.585839	0.090681	0.430773	10980.142578
4658.586734	0.090634	0.430773	11061.259766
4658.587601	0.090659	0.430773	11139.861328
4658.588685	0.090751	0.430773	11238.235352
4658.589612	0.090725	0.430773	11322.337891
4658.590487	0.090652	0.430773	11401.658203
4658.591467	0.090765	0.430773	11490.608398
4658.592480	0.090641	0.430773	11582.427734
4659.647515	1.257195	0.355254	652.484131
4659.648575	1.720100	0.355254	2475.790039
4659.649505	1.684373	0.355254	4042.256348
4659.650370	1.637102	0.355254	5458.349609
4659.651470	1.582947	0.355254	7199.590820
4659.652458	1.534746	0.355254	8715.919922
4659.653344	1.492976	0.355254	10038.697266
4659.654371	0.610657	0.355254	10665.841797
4659.655420	0.091230	0.355254	10761.542969
4659.656305	0.090615	0.355254	10841.737305
4659.657164	0.090634	0.355254	10919.591797
4659.658279	0.090743	0.355254	11020.770508
4659.659236	0.090648	0.355254	11107.520508
4659.660092	0.090648	0.355254	11185.115234
4659.661164	0.090831	0.355254	11282.486328
4659.662204	0.090634	0.355254	11376.745117
4659.663072	0.090667	0.355254	11455.443359
4659.663985	0.090703	0.355254	11538.254883
4660.616126	1.201974	0.410591	516.848755
4660.616991	1.714215	0.410591	1999.644775
4660.618098	1.689243	0.410591	3869.636963
4660.619081	1.637750	0.410591	5479.545410
4660.619970	1.592380	0.410591	6895.171875
4660.620977	1.543436	0.410591	8449.412109
4660.622039	1.493774	0.410591	10035.800781
4660.622932	0.779000	0.410591	10731.448242
4660.623814	0.097148	0.410591	10817.132812
4660.624910	0.090725	0.410591	10916.567383
4660.625867	0.090612	0.410591	11003.282227
4660.626730	0.090637	0.410591	11081.501953
4660.627765	0.090806	0.410591	11175.485352
4660.628795	0.090667	0.410591	11268.872070
4660.629672	0.090677	0.410591	11348.396484
4660.630605	0.090787	0.410591	11433.101562
4660.631669	0.090817	0.410591	11529.730469
4660.632601	0.090674	0.410591	11614.238281
4661.680053	1.188853	0.405459	498.129211
4661.681125	1.718807	0.405459	2340.690674
4661.682142	1.684080	0.405459	4053.399658
4661.683036	1.636897	0.405459	5516.785645
4661.684002	1.588143	0.405459	7050.932129
4661.685064	1.536361	0.405459	8682.547852
4661.685991	1.492240	0.405459	10065.854492
4661.686860	0.773624	0.405459	10738.133789
4661.687947	0.092659	0.405459	10838.853516
4661.688935	0.090637	0.405459	10928.403320
4661.689809	0.090692	0.405459	11007.667969
4661.690799	0.090780	0.405459	11097.540039
4661.691847	0.090626	0.405459	11192.516602
4661.692738	0.090590	0.405459	11273.232422
4661.693597	0.090699	0.405459	11351.143555
4661.694694	0.090780	0.405459	11450.729492
4661.695650	0.090634	0.405459	11537.375000
4661.696521	0.090685	0.405459	11616.361328
4662.664721	1.277208	0.397600	651.376160
4662.665656	1.720638	0.397600	2260.173096
4662.666529	1.693777	0.397600	3738.840332
4662.667569	1.639537	0.397600	5443.958984
4662.668611	1.586488	0.397600	7097.079590
4662.669506	1.542550	0.397600	8477.662109
4662.670449	1.498315	0.397600	9890.573242
4662.671522	0.681914	0.397600	10622.266602
4662.672444	0.092926	0.397600	10707.944336
4662.673301	0.090656	0.397600	10785.635742
4662.674365	0.090780	0.397600	10882.225586
4662.675373	0.090663	0.397600	10973.613281
4662.676256	0.090681	0.397600	11053.684570
4662.677211	0.090670	0.397600	11140.274414
4662.678262	0.090710	0.397600	11235.611328
4662.679181	0.090648	0.397600	11318.916992
4662.680035	0.090729	0.397600	11396.399414
4662.681090	0.090765	0.397600	11492.157227
4663.709623	1.187772	0.432461	500.052063
4663.710602	1.715263	0.432461	2179.294189
4663.711658	1.687445	0.432461	3961.236328
4663.712562	1.639299	0.432461	5443.163086
4663.713428	1.592424	0.432461	6822.202637
4663.714558	1.539935	0.432461	8562.330078
4663.715522	1.494463	0.432461	10002.992187
4663.716394	0.849327	0.432461	10743.605469
4663.717451	0.094852	0.432461	10843.864258
4663.718478	0.090637	0.432461	10936.948242
4663.719354	0.090659	0.432461	11016.365234
4663.720286	0.090754	0.432461	11100.948242
4663.721355	0.090721	0.432461	11197.929687
4663.722289	0.090667	0.432461	11282.612305
4663.723146	0.090634	0.432461	11360.285156
4663.724173	0.090718	0.432461	11453.452148
4663.725203	0.090615	0.432461	11546.786133
4663.726074	0.090641	0.432461	11625.734375
4664.711221	1.309603	0.443498	696.708923
4664.712181	1.721045	0.443498	2348.912109
4664.713060	1.690975	0.443498	3835.279297
4664.714014	1.641042	0.443498	5400.833984
4664.715067	1.587499	0.443498	7072.470215
4664.715952	1.543612	0.443498	8438.566406
4664.716816	1.502516	0.443498	9736.740234
4664.717869	0.852777	0.443498	10634.714844
4664.718821	0.096262	0.443498	10726.356445
4664.719686	0.090619	0.443498	10804.742187
4664.720612	0.090780	0.443498	10888.804687
4664.721670	0.090714	0.443498	10984.780273
4664.722560	0.090659	0.443498	11065.466797
4664.723424	0.090626	0.443498	11143.767578
4664.724451	0.090791	0.443498	11237.009766
4664.725418	0.090619	0.443498	11324.638672
4664.726295	0.090703	0.443498	11404.185547
4664.727176	0.090791	0.443498	11484.172852
4665.742798	1.220050	0.451998	540.482178
4665.743658	1.714486	0.451998	2014.940186
4665.744783	1.689225	0.451998	3915.318115
4665.745679	1.641108	0.451998	5385.750977
4665.746547	1.596116	0.451998	6771.179687
4665.747547	1.547201	0.451998	8318.380859
4665.748547	1.499711	0.451998	9818.091797
4665.749445	0.998339	0.451998	10714.599609
4665.750304	0.111650	0.451998	10810.506836
4665.751381	0.090564	0.451998	10908.043945
4665.752290	0.090601	0.451998	10990.399414
4665.753162	0.090634	0.451998	11069.431641
4665.754154	0.090707	0.451998	11159.413086
4665.755153	0.090626	0.451998	11249.948242
4665.756040	0.090659	0.451998	11330.363281
4665.756902	0.090714	0.451998	11408.558594
4665.757976	0.090597	0.451998	11505.859375
4665.758886	0.090674	0.451998	11588.373047
4666.747913	1.267397	0.418664	633.698730
4666.748826	1.719888	0.418664	2203.956055
4666.749702	1.695128	0.418664	3688.888184
4666.750713	1.643258	0.418664	5350.222168
4666.751703	1.591710	0.418664	6926.015137
4666.752586	1.548190	0.418664	8293.066406
4666.753454	1.505306	0.418664	9599.671875
4666.754549	0.917937	0.418664	10604.812500
4666.755460	0.101342	0.418664	10697.134766
4666.756325	0.090608	0.418664	10775.510742
4666.757304	0.090824	0.418664	10864.427734
4666.758320	0.090612	0.418664	10956.489258
4666.759210	0.090663	0.418664	11037.178711
4666.760069	0.090663	0.418664	11115.057617
4666.761153	0.090641	0.418664	11213.312500
4666.762082	0.090645	0.418664	11297.521484
4666.762963	0.090667	0.418664	11377.398437
4666.763923	0.090740	0.418664	11464.508789
4667.788741	1.209664	0.421334	524.994324
4667.789616	1.715782	0.421334	2026.303955
4667.790598	1.695132	0.421334	3690.923340
4667.791601	1.642331	0.421334	5338.181641
4667.792485	1.597013	0.421334	6749.940918
4667.793350	1.552815	0.421334	8093.125977
4667.794447	1.502589	0.421334	9741.465820
4667.795360	1.047129	0.421334	10697.494141
4667.796228	0.117755	0.421334	10799.706055
4667.797219	0.090718	0.421334	10889.607422
4667.798202	0.090634	0.421334	10978.700195
4667.799095	0.090648	0.421334	11059.649414
4667.799957	0.090688	0.421334	11137.823242
4667.801004	0.090718	0.421334	11232.804687
4667.801929	0.090718	0.421334	11316.718750
4667.802805	0.090637	0.421334	11396.117187
4667.803756	0.090769	0.421334	11482.438477
4667.804781	0.090637	0.421334	11575.341797
4668.777996	1.275622	0.370453	630.157532
4668.778878	1.718584	0.370453	2145.948486
4668.779741	1.696919	0.370453	3610.389648
4668.780781	1.642793	0.370453	5318.894531
4668.781738	1.593600	0.370453	6843.969727
4668.782637	1.549662	0.370453	8237.115234
4668.783575	1.505464	0.370453	9649.240234
4668.784632	0.923152	0.370453	10625.011719
4668.785530	0.102023	0.370453	10716.627930
4668.786395	0.090641	0.370453	10795.032227
4668.787447	0.090780	0.370453	10890.533203
4668.788403	0.090634	0.370453	10977.178711
4668.789280	0.090623	0.370453	11056.654297
4668.790177	0.090685	0.370453	11137.999023
4668.791255	0.090612	0.370453	11235.678711
4668.792138	0.090637	0.370453	11315.710937
4668.792997	0.090677	0.370453	11393.602539
4668.794032	0.090751	0.370453	11487.529297
4669.835709	1.198081	0.437770	511.580597
4669.836719	1.716226	0.437770	2244.968506
4669.837790	1.684237	0.437770	4048.786621
4669.838689	1.636388	0.437770	5519.899414
4669.839601	1.588989	0.437770	6969.057617
4669.840692	1.536837	0.437770	8645.747070
4669.841639	1.492372	0.437770	10059.023437
4669.842510	0.788449	0.437770	10745.761719
4669.843550	0.093248	0.437770	10842.740234
4669.844580	0.090674	0.437770	10936.134766
4669.845466	0.090582	0.437770	11016.390625
4669.846406	0.090736	0.437770	11101.682617
4669.847459	0.090663	0.437770	11197.150391
4669.848384	0.090637	0.437770	11280.990234
4669.849243	0.090648	0.437770	11358.857422
4669.850297	0.090670	0.437770	11454.423828
4669.851310	0.090659	0.437770	11546.261719
4669.852188	0.090637	0.437770	11625.840820
4670.809018	1.187084	0.378699	500.949341
4670.810036	1.716617	0.378699	2248.465820
4670.811092	1.684896	0.378699	4027.716309
4670.811988	1.637347	0.378699	5494.779297
4670.812925	1.589451	0.378699	6984.094727
4670.813989	1.537595	0.378699	8620.095703
4670.814942	1.492621	0.378699	10042.563477
4670.815812	0.798453	0.378699	10737.217773
4670.816874	0.093160	0.378699	10836.154297
4670.817880	0.090645	0.378699	10927.342773
4670.818762	0.090615	0.378699	11007.265625
4670.819727	0.090692	0.378699	11094.783203
4670.820790	0.090656	0.378699	11191.150391
4670.821703	0.090575	0.378699	11273.845703
4670.822558	0.090725	0.378699	11351.416016
4670.823633	0.090677	0.378699	11448.894531
4670.824631	0.090674	0.378699	11539.386719
4670.825504	0.090707	0.378699	11618.574219
4671.873586	1.307194	0.422640	694.119812
4671.874583	1.720583	0.422640	2409.541504
4671.875461	1.688654	0.422640	3892.179199
4671.876462	1.636044	0.422640	5529.858887
4671.877525	1.582449	0.422640	7212.001953
4671.878423	1.538119	0.422640	8593.232422
4671.879294	1.494961	0.422640	9895.343750
4671.880412	0.603226	0.422640	10569.750977
4671.881376	0.091388	0.422640	10657.848633
4671.882237	0.090593	0.422640	10735.849609
4671.883255	0.090721	0.422640	10828.204102
4671.884293	0.090667	0.422640	10922.316406
4671.885177	0.090597	0.422640	11002.404297
4671.886097	0.090663	0.422640	11085.814453
4671.887182	0.090670	0.422640	11184.191406
4671.888129	0.090630	0.422640	11270.017578
4671.888993	0.090652	0.422640	11348.340820
4671.890046	0.090710	0.422640	11443.859375
4672.849412	1.232750	0.384181	613.909607
4672.850474	1.719170	0.384181	2439.668213
4672.851417	1.684142	0.384181	4027.813965
4672.852285	1.637607	0.384181	5449.256836
4672.853360	1.583771	0.384181	7151.810547
4672.854371	1.534702	0.384181	8703.394531
4672.855250	1.493024	0.384181	10015.762695
4672.856252	0.680416	0.384181	10697.540039
4672.857280	0.091805	0.384181	10791.916016
4672.858192	0.090670	0.384181	10874.607422
4672.859048	0.090740	0.384181	10952.280273
4672.860108	0.090699	0.384181	11048.421875
4672.861108	0.090648	0.384181	11139.070312
4672.861982	0.090685	0.384181	11218.329102
4672.862967	0.090714	0.384181	11307.682617
4672.864024	0.090754	0.384181	11403.610352
4672.864924	0.090677	0.384181	11485.219727
4672.865788	0.090718	0.384181	11563.599609
4673.904119	1.252046	0.381893	605.990173
4673.905002	1.718243	0.381893	2123.198975
4673.905934	1.694059	0.381893	3702.061768
4673.907015	1.637750	0.381893	5472.469727
4673.907952	1.589762	0.381893	6962.076660
4673.908824	1.546725	0.381893	8310.820312
4673.909862	1.497524	0.381893	9865.250977
4673.910881	0.753523	0.381893	10633.090820
4673.911775	0.094951	0.381893	10717.977539
4673.912731	0.090648	0.381893	10804.637695
4673.913785	0.090710	0.381893	10900.246094
4673.914714	0.090663	0.381893	10984.471680
4673.915575	0.090699	0.381893	11062.563477
4673.916662	0.090732	0.381893	11161.189453
4673.917665	0.090601	0.381893	11252.061523
4673.918561	0.090692	0.381893	11333.321289
4673.919539	0.090714	0.381893	11422.040039
4673.920576	0.090736	0.381893	11516.133789
4674.896917	1.277010	0.397430	637.228210
4674.897850	1.720056	0.397430	2242.040527
4674.898715	1.693605	0.397430	3707.008545
4674.899789	1.638219	0.397430	5466.456055
4674.900812	1.586012	0.397430	7088.946289
4674.901690	1.542975	0.397430	8443.677734
4674.902689	1.497078	0.397430	9939.257812
4674.903731	0.675531	0.397430	10643.161133
4674.904634	0.092856	0.397430	10727.010742
4674.905502	0.090612	0.397430	10805.661133
4674.906566	0.090751	0.397430	10902.219727
4674.907566	0.090645	0.397430	10992.864258
4674.908454	0.090626	0.397430	11073.340820
4674.909442	0.090718	0.397430	11162.969727
4674.910498	0.090740	0.397430	11258.791016
4674.911401	0.090604	0.397430	11340.606445
4674.912263	0.090685	0.397430	11418.776367
4674.913357	0.090747	0.397430	11518.053711
4675.934664	1.208419	0.416734	525.662354
4675.935530	1.714376	0.416734	2010.312134
4675.936638	1.689250	0.416734	3882.001709
4675.937610	1.638190	0.416734	5474.322266
4675.938470	1.593497	0.416734	6844.729980
4675.939534	1.541301	0.416734	8484.674805
4675.940574	1.492390	0.416734	10036.760742
4675.941472	0.764037	0.416734	10722.866211
4675.942402	0.096453	0.416734	10812.567383
4675.943480	0.090743	0.416734	10910.388672
4675.944417	0.090597	0.416734	10995.278320
4675.945280	0.090645	0.416734	11073.504883
4675.946322	0.090798	0.416734	11168.117187
4675.947341	0.090696	0.416734	11260.536133
4675.948234	0.090670	0.416734	11341.504883
4675.949184	0.090685	0.416734	11427.655273
4675.950233	0.090677	0.416734	11522.776367
4675.951159	0.090688	0.416734	11606.753906
4676.938679	1.202128	0.427860	507.297882
4676.939774	1.718906	0.427860	2389.500244
4676.940764	1.683223	0.427860	4055.890625
4676.941661	1.636227	0.427860	5523.585937
4676.942663	1.585924	0.427860	7112.681641
4676.943710	1.535581	0.427860	8720.434570
4676.944603	1.492350	0.427860	10053.103516
4676.945492	0.764121	0.427860	10732.407227
4676.946587	0.092384	0.427860	10833.567383
4676.947544	0.090502	0.427860	10920.177734
4676.948402	0.090641	0.427860	10997.947266
4676.949434	0.090802	0.427860	11091.655273
4676.950460	0.090674	0.427860	11184.686523
4676.951339	0.090575	0.427860	11264.301758
4676.952253	0.090729	0.427860	11347.227539
4676.953313	0.090754	0.427860	11443.426758
4676.954260	0.090612	0.427860	11529.236328
4676.955128	0.090634	0.427860	11607.906250
4677.973011	1.278940	0.425359	648.422791
4677.974002	1.720107	0.425359	2353.049072
4677.974900	1.688914	0.425359	3869.693359
4677.975906	1.636351	0.425359	5515.862793
4677.976975	1.582566	0.425359	7207.625977
4677.977865	1.538701	0.425359	8577.070312
4677.978751	1.495518	0.425359	9902.098633
4677.979852	0.623855	0.425359	10588.962891
4677.980806	0.091589	0.425359	10676.338867
4677.981668	0.090615	0.425359	10754.449219
4677.982707	0.090787	0.425359	10848.777344
4677.983725	0.090619	0.425359	10941.027344
4677.984608	0.090707	0.425359	11021.121094
4677.985541	0.090718	0.425359	11105.760742
4677.986615	0.090751	0.425359	11203.226562
4677.987547	0.090710	0.425359	11287.768555
4677.988410	0.090670	0.425359	11366.016602
4677.989465	0.090754	0.425359	11461.762695
4678.972964	1.287371	0.427772	661.708496
4678.973936	1.720536	0.427772	2334.069336
4678.974803	1.690844	0.427772	3800.030762
4678.975811	1.637988	0.427772	5451.123047
4678.976886	1.584770	0.427772	7154.750977
4678.977762	1.540792	0.427772	8504.485352
4678.978650	1.497191	0.427772	9833.991211
4678.979759	0.671093	0.427772	10578.232422
4678.980715	0.092080	0.427772	10666.260742
4678.981581	0.090663	0.427772	10744.774414
4678.982612	0.090784	0.427772	10838.372070
4678.983642	0.090601	0.427772	10931.690430
4678.984526	0.090652	0.427772	11011.827148
4678.985453	0.090736	0.427772	11095.939453
4678.986519	0.090773	0.427772	11192.703125
4678.987468	0.090667	0.427772	11278.746094
4678.988329	0.090667	0.427772	11356.809570
4678.989390	0.090758	0.427772	11453.103516
4680.016889	1.255162	0.427917	607.498596
4680.017767	1.718240	0.427917	2116.113037
4680.018710	1.694128	0.427917	3713.676270
4680.019777	1.637853	0.427917	5461.265137
4680.020719	1.590128	0.427917	6959.166016
4680.021589	1.546417	0.427917	8304.548828
4680.022667	1.495891	0.427917	9917.119141
4680.023686	0.698617	0.427917	10629.009766
4680.024579	0.093893	0.427917	10712.856445
4680.025563	0.090784	0.427917	10802.187500
4680.026621	0.090703	0.427917	10898.151367
4680.027528	0.090608	0.427917	10980.333008
4680.028388	0.090663	0.427917	11058.302734
4680.029466	0.090817	0.427917	11156.203125
4680.030456	0.090648	0.427917	11245.945312
4680.031345	0.090677	0.427917	11326.557617
4680.032330	0.090740	0.427917	11415.936523
4680.033376	0.090623	0.427917	11510.727539
4681.006101	1.282614	0.427397	651.567688
4681.007073	1.720485	0.427397	2323.878662
4681.007939	1.691510	0.427397	3788.726562
4681.009052	1.633059	0.427397	5606.321289
4681.010095	1.580530	0.427397	7254.813965
4681.010992	1.536771	0.427397	8633.297852
4681.011934	1.492833	0.427397	10039.546875
4681.012991	0.553737	0.427397	10624.846680
4681.013932	0.091198	0.427397	10710.663086
4681.014790	0.090637	0.427397	10788.429687
4681.015855	0.090813	0.427397	10885.145508
4681.016874	0.090608	0.427397	10977.474609
4681.017751	0.090677	0.427397	11056.999023
4681.018732	0.090699	0.427397	11145.975586
4681.019764	0.090721	0.427397	11239.600586
4681.020670	0.090641	0.427397	11321.721680
4681.021528	0.090677	0.427397	11399.523437
4681.022611	0.090806	0.427397	11497.866211
4682.059798	1.275396	0.441867	651.727112
4682.060690	1.719060	0.441867	2185.128662
4682.061554	1.693239	0.441867	3648.086914
4682.062676	1.637439	0.441867	5485.293457
4682.063640	1.587839	0.441867	7015.970703
4682.064505	1.545542	0.441867	8352.864258
4682.065584	1.494943	0.441867	9965.907227
4682.066620	0.648146	0.441867	10637.386719
4682.067491	0.093047	0.441867	10718.430664
4682.068413	0.090597	0.441867	10801.960937
4682.069491	0.090802	0.441867	10899.845703
4682.070439	0.090667	0.441867	10985.797852
4682.071307	0.090718	0.441867	11064.541016
4682.072332	0.090674	0.441867	11157.481445
4682.073351	0.090667	0.441867	11249.871094
4682.074243	0.090630	0.441867	11330.712891
4682.075192	0.090740	0.441867	11416.825195
4682.076256	0.090696	0.441867	11513.325195
4683.039754	1.264061	0.454202	633.294739
4683.040639	1.718694	0.454202	2154.338867
4683.041506	1.693484	0.454202	3622.589355
4683.042634	1.637194	0.454202	5469.343750
4683.043601	1.588136	0.454202	7005.071289
4683.044471	1.545432	0.454202	8349.597656
4683.045525	1.495964	0.454202	9926.343750
4683.046554	0.681292	0.454202	10627.392578
4683.047448	0.093376	0.454202	10710.871094
4683.048385	0.090630	0.454202	10795.791016
4683.049438	0.090740	0.454202	10891.339844
4683.050378	0.090575	0.454202	10976.480469
4683.051239	0.090648	0.454202	11054.528320
4683.052309	0.090762	0.454202	11151.643555
4683.053327	0.090681	0.454202	11243.957031
4683.054203	0.090685	0.454202	11323.396484
4683.055179	0.090681	0.454202	11411.901367
4683.056220	0.090721	0.454202	11506.342773
4684.098611	1.310131	0.451120	717.951538
4684.099671	1.719510	0.451120	2540.632568
4684.100567	1.683245	0.451120	4048.819824
4684.101452	1.635520	0.451120	5496.254883
4684.102555	1.580969	0.451120	7240.063965
4684.103515	1.534904	0.451120	8713.571289
4684.104381	1.493394	0.451120	10006.849609
4684.105434	0.609166	0.451120	10648.301758
4684.106453	0.091329	0.451120	10741.366211
4684.107328	0.090685	0.451120	10820.715820
4684.108259	0.090743	0.451120	10905.198242
4684.109338	0.090699	0.451120	11003.062500
4684.110260	0.090579	0.451120	11086.576172
4684.111119	0.090667	0.451120	11164.458984
4684.112147	0.090740	0.451120	11257.739258
4684.113170	0.090674	0.451120	11350.499023
4684.114059	0.090670	0.451120	11431.104492
4684.115012	0.090721	0.451120	11517.562500
4685.076461	1.256096	0.470746	586.596863
4685.077343	1.717328	0.470746	2101.280029
4685.078320	1.692524	0.470746	3754.876465
4685.079384	1.636718	0.470746	5496.343750
4685.080307	1.589297	0.470746	6963.264648
4685.081171	1.545864	0.470746	8298.891602
4685.082263	1.495199	0.470746	9931.648437
4685.083256	0.723311	0.470746	10649.895508
4685.084146	0.094373	0.470746	10733.886719
4685.085140	0.090648	0.470746	10823.991211
4685.086170	0.090593	0.470746	10917.302734
4685.087068	0.090619	0.470746	10998.678711
4685.087929	0.090663	0.470746	11076.739258
4685.089028	0.090780	0.470746	11176.506836
4685.090002	0.090590	0.470746	11264.741211
4685.090859	0.090571	0.470746	11342.360352
4685.091942	0.090714	0.470746	11440.603516
4685.092982	0.090677	0.470746	11534.908203
4686.138428	1.328782	0.432408	737.473877
4686.139482	1.719536	0.432408	2549.864990
4686.140380	1.683146	0.432408	4061.329834
4686.141264	1.634388	0.432408	5506.129395
4686.142388	1.579365	0.432408	7281.335937
4686.143345	1.533453	0.432408	8748.850586
4686.144214	1.492075	0.432408	10045.463867
4686.145277	0.551938	0.432408	10632.174805
4686.146296	0.090941	0.432408	10724.843750
4686.147186	0.090707	0.432408	10805.573242
4686.148129	0.090769	0.432408	10891.167969
4686.149170	0.090685	0.432408	10985.571289
4686.150100	0.090692	0.432408	11069.915039
4686.150962	0.090707	0.432408	11148.104492
4686.152023	0.090784	0.432408	11244.425781
4686.153042	0.090681	0.432408	11336.830078
4686.153914	0.090667	0.432408	11415.891602
4686.154886	0.090824	0.432408	11504.172852
4687.112220	1.287385	0.477533	657.853821
4687.113171	1.720019	0.477533	2293.592285
4687.114042	1.691744	0.477533	3767.101562
4687.115069	1.637794	0.477533	5449.116211
4687.116108	1.585466	0.477533	7096.415527
4687.117004	1.541422	0.477533	8477.529297
4687.117916	1.497792	0.477533	9843.515625
4687.119009	0.683899	0.477533	10591.017578
4687.119954	0.092454	0.477533	10678.386719
4687.120824	0.090707	0.477533	10757.301758
4687.121880	0.090787	0.477533	10853.172852
4687.122891	0.090652	0.477533	10944.822266
4687.123780	0.090656	0.477533	11025.415039
4687.124741	0.090663	0.477533	11112.541992
4687.125790	0.090732	0.477533	11207.720703
4687.126722	0.090710	0.477533	11292.262695
4687.127581	0.090685	0.477533	11370.161133
4687.128649	0.090806	0.477533	11467.141602
4688.175665	1.305264	0.418921	681.347595
4688.176599	1.720192	0.418921	2288.006592
4688.177468	1.691254	0.418921	3757.706055
4688.178560	1.635396	0.418921	5543.558105
4688.179563	1.583983	0.418921	7132.292969
4688.180446	1.541239	0.418921	8493.207031
4688.181445	1.494811	0.418921	9986.523437
4688.182509	0.610118	0.418921	10635.689453
4688.183402	0.092234	0.418921	10718.054687
4688.184257	0.090674	0.418921	10795.581055
4688.185336	0.090817	0.418921	10893.572266
4688.186327	0.090677	0.418921	10983.433594
4688.187216	0.090663	0.418921	11064.033203
4688.188187	0.090769	0.418921	11152.169922
4688.189240	0.090751	0.418921	11247.730469
4688.190138	0.090692	0.418921	11329.171875
4688.191048	0.090743	0.418921	11411.748047
4688.191923	0.090729	0.418921	11491.135742
4689.150406	1.222291	0.491238	530.474365
4689.151328	1.717299	0.491238	2113.823730
4689.152195	1.695861	0.491238	3584.134766
4689.153213	1.644624	0.491238	5258.361816
4689.154135	1.597559	0.491238	6731.311035
4689.155002	1.553547	0.491238	8078.236328
4689.156038	1.505519	0.491238	9637.954102
4689.156917	1.169553	0.491238	10665.991211
4689.157850	0.133066	0.491238	10790.142578
4689.158707	0.090714	0.491238	10867.884766
4689.159672	0.090674	0.491238	10955.384766
4689.160603	0.090670	0.491238	11039.798828
4689.161477	0.090732	0.491238	11119.098633
4689.162499	0.090696	0.491238	11211.790039
4689.163404	0.090623	0.491238	11293.803711
4689.164325	0.090670	0.491238	11377.310547
4689.165197	0.090667	0.491238	11456.372070
4689.166194	0.090703	0.491238	11546.802734
4690.213330	1.198572	0.415074	518.981567
4690.214201	1.714904	0.415074	2012.662598
4690.215111	1.697487	0.415074	3557.375488
4690.216130	1.645320	0.415074	5233.956543
4690.217022	1.599485	0.415074	6660.697266
4690.217893	1.555986	0.415074	8015.961426
4690.218899	1.508870	0.415074	9533.883789
4690.219812	1.184927	0.415074	10615.721680
4690.220731	0.140024	0.415074	10744.404297
4690.221606	0.090645	0.415074	10823.718750
4690.222634	0.090619	0.415074	10916.875000
4690.223525	0.090710	0.415074	10997.698242
4690.224398	0.090637	0.415074	11076.824219
4690.225365	0.090769	0.415074	11164.597656
4690.226317	0.090652	0.415074	11250.898437
4690.227232	0.090670	0.415074	11333.861328
4690.228097	0.090630	0.415074	11412.255859
4690.229129	0.090710	0.415074	11505.869141
4691.187657	1.213030	0.507295	525.241882
4691.188630	1.714069	0.507295	2193.030518
4691.189588	1.690269	0.507295	3812.307617
4691.190507	1.642452	0.507295	5321.721191
4691.191375	1.597280	0.507295	6708.160156
4691.192423	1.546813	0.507295	8329.219727
4691.193302	1.504215	0.507295	9651.424805
4691.194182	1.166345	0.507295	10677.808594
4691.195122	0.139237	0.507295	10808.691406
4691.196108	0.090652	0.507295	10898.074219
4691.197021	0.090608	0.507295	10980.798828
4691.197899	0.090637	0.507295	11060.377930
4691.198915	0.090590	0.507295	11152.416992
4691.199809	0.090608	0.507295	11233.420898
4691.200725	0.090626	0.507295	11316.434570
4691.201584	0.090696	0.507295	11394.341797
4691.202612	0.090619	0.507295	11487.498047
4691.203494	0.090652	0.507295	11567.453125
4692.250560	1.194353	0.412621	508.794373
4692.251599	1.715515	0.412621	2291.214600
4692.252605	1.684772	0.412621	3986.094727
4692.253490	1.638530	0.412621	5436.193848
4692.254509	1.587253	0.412621	7053.604980
4692.255560	1.536526	0.412621	8668.494141
4692.256430	1.494324	0.412621	9968.555664
4692.257307	0.874303	0.412621	10735.319336
4692.258331	0.095735	0.412621	10833.351562
4692.259296	0.090608	0.412621	10920.788086
4692.260166	0.090619	0.412621	10999.626953
4692.261210	0.090787	0.412621	11094.409180
4692.262248	0.090710	0.412621	11188.566406
4692.263131	0.090670	0.412621	11268.627930
4692.264050	0.090677	0.412621	11351.960937
4692.265130	0.090729	0.412621	11449.948242
4692.266084	0.090641	0.412621	11536.419922
4692.266948	0.090699	0.412621	11614.784180
4693.225931	1.195741	0.516596	524.930298
4693.226795	1.714526	0.516596	2006.281006
4693.227822	1.691199	0.516596	3743.142090
4693.228859	1.637758	0.516596	5441.496582
4693.229756	1.591868	0.516596	6869.401855
4693.230699	1.546066	0.516596	8327.341797
4693.231769	1.495107	0.516596	9927.106445
4693.232716	0.790994	0.516596	10676.177734
4693.233583	0.097225	0.516596	10760.471680
4693.234638	0.090798	0.516596	10856.263672
4693.235656	0.090696	0.516596	10948.591797
4693.236545	0.090667	0.516596	11029.194336
4693.237508	0.090802	0.516596	11116.636719
4693.238562	0.090718	0.516596	11212.252930
4693.239482	0.090670	0.516596	11295.669922
4693.240343	0.090699	0.516596	11373.761719
4693.241418	0.090765	0.516596	11471.334961
4693.242403	0.090703	0.516596	11560.677734
4694.287405	1.272360	0.407864	687.074219
4694.288465	1.718895	0.407864	2509.103027
4694.289383	1.682615	0.407864	4053.743164
4694.290250	1.635688	0.407864	5471.884766
4694.291346	1.581709	0.407864	7205.437500
4694.292341	1.533054	0.407864	8730.826172
4694.293222	1.491683	0.407864	10044.999023
4694.294243	0.608119	0.407864	10665.888672
4694.295297	0.091194	0.407864	10762.006836
4694.296178	0.090593	0.407864	10841.819336
4694.297034	0.090740	0.407864	10919.492187
4694.298128	0.090743	0.407864	11018.765625
4694.299083	0.090747	0.407864	11105.428711
4694.299946	0.090663	0.407864	11183.670898
4694.301040	0.090835	0.407864	11283.043945
4694.302076	0.090659	0.407864	11376.966797
4694.302972	0.090641	0.407864	11458.180664
4694.303900	0.090674	0.407864	11542.326172
4695.265284	1.263787	0.513140	629.365784
4695.266159	1.717852	0.513140	2132.486084
4695.267073	1.693495	0.513140	3680.340332
4695.268156	1.637574	0.513140	5453.833496
4695.269109	1.588890	0.513140	6968.045898
4695.269977	1.546256	0.513140	8310.196289
4695.271036	1.496602	0.513140	9895.097656
4695.272054	0.725398	0.513140	10633.552734
4695.272947	0.094493	0.513140	10717.935547
4695.273906	0.090743	0.513140	10804.958008
4695.274952	0.090747	0.513140	10899.879883
4695.275875	0.090688	0.513140	10983.584961
4695.276734	0.090619	0.513140	11061.426758
4695.277809	0.090707	0.513140	11158.936523
4695.278816	0.090648	0.513140	11250.219727
4695.279693	0.090740	0.513140	11329.798828
4695.280680	0.090743	0.513140	11419.362305
4695.281724	0.090743	0.513140	11514.098633
4696.324149	1.321198	0.410821	714.767822
4696.325191	1.719602	0.410821	2506.593262
4696.326088	1.684277	0.410821	4017.390137
4696.327018	1.635491	0.410821	5538.396484
4696.328094	1.580914	0.410821	7239.459961
4696.329047	1.534684	0.410821	8702.013672
4696.329914	1.492950	0.410821	9996.401367
4696.330969	0.625953	0.410821	10656.782227
4696.331984	0.091326	0.410821	10749.477539
4696.332864	0.090645	0.410821	10829.245117
4696.333841	0.090780	0.410821	10917.937500
4696.334877	0.090681	0.410821	11011.882812
4696.335796	0.090699	0.410821	11095.235352
4696.336652	0.090681	0.410821	11172.858398
4696.337726	0.090795	0.410821	11270.372070
4696.338730	0.090623	0.410821	11361.357422
4696.339601	0.090659	0.410821	11440.321289
4696.340580	0.090751	0.410821	11529.166016
4697.306051	1.196159	0.510002	510.759705
4697.306999	1.712790	0.510002	2134.485107
4697.308065	1.686486	0.510002	3932.278809
4697.308992	1.637563	0.510002	5450.300293
4697.309863	1.591970	0.510002	6836.906250
4697.310912	1.541638	0.510002	8454.084961
4697.311928	1.493536	0.510002	9971.517578
4697.312823	0.832013	0.510002	10716.168945
4697.313790	0.098500	0.510002	10811.417969
4697.314850	0.090751	0.510002	10907.613281
4697.315771	0.090674	0.510002	10991.124023
4697.316635	0.090637	0.510002	11069.434570
4697.317731	0.090831	0.510002	11168.985352
4697.318725	0.090597	0.510002	11259.039062
4697.319616	0.090634	0.510002	11339.793945
4697.320600	0.090718	0.510002	11429.060547
4697.321647	0.090667	0.510002	11523.988281
4697.322546	0.090652	0.510002	11605.484375
4698.357777	1.280724	0.438084	642.923401
4698.358735	1.719884	0.438084	2290.572266
4698.359606	1.691700	0.438084	3764.043457
4698.360656	1.636945	0.438084	5482.834961
4698.361689	1.584598	0.438084	7119.725098
4698.362581	1.540624	0.438084	8493.961914
4698.363523	1.496649	0.438084	9903.805664
4698.364585	0.673114	0.438084	10618.652344
4698.365521	0.092443	0.438084	10705.178711
4698.366383	0.090601	0.438084	10783.276367
4698.367447	0.090791	0.438084	10879.877930
4698.368469	0.090641	0.438084	10972.512695
4698.369345	0.090568	0.438084	11051.849609
4698.370334	0.090769	0.438084	11141.620117
4698.371379	0.090729	0.438084	11236.431641
4698.372290	0.090575	0.438084	11318.945312
4698.373145	0.090670	0.438084	11396.468750
4698.374195	0.090736	0.438084	11491.741211
4699.349438	1.195378	0.483556	508.035828
4699.350454	1.715925	0.483556	2251.416016
4699.351508	1.683999	0.483556	4026.351074
4699.352403	1.636304	0.483556	5490.842773
4699.353307	1.588989	0.483556	6927.289062
4699.354399	1.536929	0.483556	8605.615234
4699.355355	1.492105	0.483556	10032.067383
4699.356227	0.810531	0.483556	10738.850586
4699.357274	0.093647	0.483556	10836.899414
4699.358298	0.090612	0.483556	10929.685547
4699.359193	0.090663	0.483556	11010.829102
4699.360132	0.090718	0.483556	11096.012695
4699.361180	0.090699	0.483556	11191.065430
4699.362103	0.090652	0.483556	11274.737305
4699.362960	0.090652	0.483556	11352.425781
4699.364008	0.090791	0.483556	11447.575195
4699.365014	0.090677	0.483556	11538.796875
4699.365891	0.090656	0.483556	11618.301758
4700.391893	1.219318	0.459003	537.719055
4700.392758	1.714926	0.459003	2021.129639
4700.393804	1.690873	0.459003	3789.782715
4700.394848	1.636538	0.459003	5498.328125
4700.395737	1.590513	0.459003	6912.293945
4700.396661	1.544777	0.459003	8339.667969
4700.397741	1.494496	0.459003	9953.723633
4700.398671	0.785273	0.459003	10684.028320
4700.399538	0.096991	0.459003	10768.119141
4700.400579	0.090747	0.459003	10862.586914
4700.401594	0.090604	0.459003	10954.549805
4700.402483	0.090659	0.459003	11035.145508
4700.403460	0.090637	0.459003	11123.698242
4700.404507	0.090747	0.459003	11218.709961
4700.405426	0.090593	0.459003	11301.964844
4700.406289	0.090670	0.459003	11380.212891
4700.407369	0.090721	0.459003	11478.192383
4700.408368	0.090652	0.459003	11568.753906
4701.393336	1.187179	0.459829	499.802338
4701.394325	1.713984	0.459829	2194.932861
4701.395269	1.690327	0.459829	3790.601562
4701.396180	1.642925	0.459829	5287.306152
4701.397061	1.596636	0.459829	6693.942383
4701.398101	1.546871	0.459829	8302.688477
4701.399002	1.503970	0.459829	9657.765625
4701.399878	1.168755	0.459829	10681.594727
4701.400848	0.138241	0.459829	10815.688477
4701.401810	0.090546	0.459829	10902.792969
4701.402728	0.090641	0.459829	10986.000977
4701.403595	0.090604	0.459829	11064.554687
4701.404634	0.090641	0.459829	11158.730469
4701.405507	0.090560	0.459829	11237.790039
4701.406368	0.090634	0.459829	11315.825195
4701.407232	0.090729	0.459829	11394.214844
4701.408291	0.090663	0.459829	11490.226562
4701.409190	0.090615	0.459829	11571.689453
4702.427709	1.326328	0.465009	716.217163
4702.428623	1.719613	0.465009	2287.943359
4702.429497	1.691733	0.465009	3766.518311
4702.430510	1.639526	0.465009	5427.358398
4702.431509	1.587762	0.465009	7013.533203
4702.432398	1.544418	0.465009	8386.520508
4702.433259	1.501699	0.465009	9679.483398
4702.434351	0.856959	0.465009	10615.283203
4702.435247	0.097764	0.465009	10702.879883
4702.436123	0.090579	0.465009	10782.226562
4702.437107	0.090751	0.465009	10871.525391
4702.438112	0.090608	0.465009	10962.585937
4702.439001	0.090710	0.465009	11043.227539
4702.439859	0.090656	0.465009	11121.009766
4702.440953	0.090670	0.465009	11220.203125
4702.441883	0.090575	0.465009	11304.437500
4702.442757	0.090663	0.465009	11383.676758
4702.443750	0.090732	0.465009	11473.774414
4703.431623	1.198286	0.485836	520.056213
4703.432493	1.714468	0.485836	2011.643066
4703.433543	1.690591	0.485836	3786.763428
4703.434569	1.637168	0.485836	5466.497559
4703.435469	1.590897	0.485836	6898.305176
4703.436438	1.544418	0.485836	8394.845703
4703.437494	1.493793	0.485836	9972.291016
4703.438422	0.781740	0.485836	10697.745117
4703.439281	0.097192	0.485836	10781.233398
4703.440370	0.090645	0.485836	10879.945312
4703.441373	0.090615	0.485836	10970.832031
4703.442246	0.090663	0.485836	11049.980469
4703.443249	0.090710	0.485836	11140.962891
4703.444300	0.090670	0.485836	11236.256836
4703.445195	0.090608	0.485836	11317.350586
4703.446050	0.090626	0.485836	11394.835937
4703.447138	0.090769	0.485836	11493.592773
4703.448129	0.090674	0.485836	11583.450195
4704.464839	1.202776	0.495319	525.613037
4704.465706	1.714424	0.495319	2012.018433
4704.466733	1.691444	0.495319	3749.131348
4704.467780	1.636871	0.495319	5462.935547
4704.468671	1.591190	0.495319	6880.686035
4704.469636	1.544919	0.495319	8371.533203
4704.470695	1.494247	0.495319	9953.940430
4704.471628	0.792653	0.495319	10693.485352
4704.472494	0.097236	0.495319	10777.692383
4704.473567	0.090714	0.495319	10875.028320
4704.474566	0.090637	0.495319	10965.575195
4704.475455	0.090549	0.495319	11046.073242
4704.476437	0.090740	0.495319	11135.179687
4704.477497	0.090703	0.495319	11231.325195
4704.478412	0.090634	0.495319	11314.254883
4704.479275	0.090725	0.495319	11392.550781
4704.480361	0.090747	0.495319	11491.102539
4704.481360	0.090641	0.495319	11581.652344
4705.466906	1.284741	0.504342	651.363770
4705.467915	1.719873	0.504342	2386.715820
4705.468797	1.688177	0.504342	3875.688477
4705.469813	1.635612	0.504342	5537.469727
4705.470873	1.582218	0.504342	7214.620605
4705.471764	1.537778	0.504342	8584.781250
4705.472645	1.494569	0.504342	9901.497070
4705.473752	0.628854	0.504342	10597.638672
4705.474697	0.091619	0.504342	10684.218750
4705.475555	0.090667	0.504342	10762.010742
4705.476584	0.090787	0.504342	10855.430664
4705.477640	0.090721	0.504342	10951.232422
4705.478517	0.090656	0.504342	11030.737305
4705.479443	0.090780	0.504342	11114.799805
4705.480513	0.090677	0.504342	11211.825195
4705.481462	0.090641	0.504342	11297.843750
4705.482331	0.090685	0.504342	11376.648437
4705.483378	0.090707	0.504342	11471.618164
4706.508225	1.206606	0.485183	522.460571
4706.509095	1.713637	0.485183	2013.324341
4706.510209	1.687419	0.485183	3893.109619
4706.511190	1.636604	0.485183	5498.618164
4706.512059	1.591608	0.485183	6881.725098
4706.513171	1.537753	0.485183	8591.706055
4706.514207	1.488864	0.485183	10134.168945
4706.515108	0.652053	0.485183	10721.668945
4706.516048	0.094014	0.485183	10810.041992
4706.517102	0.090714	0.485183	10905.654297
4706.518044	0.090612	0.485183	10991.010742
4706.518908	0.090710	0.485183	11069.384766
4706.519958	0.090762	0.485183	11164.684570
4706.520971	0.090652	0.485183	11256.514648
4706.521851	0.090608	0.485183	11336.250000
4706.522834	0.090787	0.485183	11425.494141
4706.523886	0.090765	0.485183	11520.979492
4706.524799	0.090670	0.485183	11603.761719
4707.501009	1.230560	0.453674	548.829895
4707.501888	1.716042	0.453674	2057.231201
4707.502873	1.692711	0.453674	3724.551758
4707.503941	1.637439	0.453674	5473.336914
4707.504843	1.590677	0.453674	6908.127930
4707.505711	1.546172	0.453674	8250.205078
4707.506836	1.494866	0.453674	9931.928711
4707.507814	0.762773	0.453674	10677.920898
4707.508683	0.095896	0.453674	10761.254883
4707.509720	0.090714	0.453674	10855.325195
4707.510758	0.090670	0.453674	10949.440430
4707.511658	0.090619	0.453674	11030.997070
4707.512585	0.090729	0.453674	11115.102539
4707.513645	0.090725	0.453674	11211.271484
4707.514582	0.090751	0.453674	11296.304687
4707.515442	0.090652	0.453674	11374.265625
4707.516498	0.090828	0.453674	11470.179687
4707.517508	0.090663	0.453674	11561.749023
4708.553247	1.283375	0.457392	653.238037
4708.554254	1.719716	0.457392	2384.991699
4708.555131	1.688452	0.457392	3865.764160
4708.556135	1.635637	0.457392	5507.943848
4708.557199	1.582295	0.457392	7191.505859
4708.558093	1.538064	0.457392	8566.535156
4708.558965	1.495031	0.457392	9870.202148
4708.560072	0.633937	0.457392	10571.969727
4708.561042	0.091498	0.457392	10660.722656
4708.561906	0.090703	0.457392	10739.089844
4708.562935	0.090725	0.457392	10832.446289
4708.563980	0.090685	0.457392	10927.211914
4708.564866	0.090637	0.457392	11007.516602
4708.565799	0.090787	0.457392	11092.221680
4708.566869	0.090809	0.457392	11189.387695
4708.567810	0.090626	0.457392	11274.666992
4708.568670	0.090696	0.457392	11352.665039
4708.569717	0.090813	0.457392	11447.746094
4709.532600	1.184355	0.440207	497.429321
4709.533602	1.714036	0.440207	2214.893066
4709.534525	1.690364	0.440207	3775.098877
4709.535450	1.642775	0.440207	5294.665527
4709.536325	1.596379	0.440207	6691.497559
4709.537373	1.546439	0.440207	8312.166016
4709.538263	1.504179	0.440207	9650.884766
4709.539140	1.171890	0.440207	10678.631836
4709.540122	0.136545	0.440207	10812.719727
4709.541068	0.090637	0.440207	10898.462891
4709.541984	0.090656	0.440207	10981.502930
4709.542847	0.090670	0.440207	11059.750977
4709.543893	0.090688	0.440207	11154.611328
4709.544766	0.090582	0.440207	11233.689453
4709.545637	0.090623	0.440207	11312.622070
4709.546538	0.090714	0.440207	11394.355469
4709.547547	0.090630	0.440207	11485.800781
4709.548461	0.090623	0.440207	11568.629883
4710.591419	1.189834	0.468844	504.489624
4710.592286	1.713439	0.468844	1990.040894
4710.593369	1.689342	0.468844	3819.598145
4710.594313	1.639907	0.468844	5367.670410
4710.595195	1.594907	0.468844	6774.378906
4710.596163	1.548333	0.468844	8273.165039
4710.597185	1.499191	0.468844	9805.337891
4710.598076	1.010728	0.468844	10705.896484
4710.598937	0.113148	0.468844	10803.317383
4710.599991	0.090619	0.468844	10898.830078
4710.600930	0.090634	0.468844	10983.934570
4710.601790	0.090590	0.468844	11061.841797
4710.602719	0.090707	0.468844	11146.108398
4710.603773	0.090670	0.468844	11241.674805
4710.604667	0.090601	0.468844	11322.671875
4710.605529	0.090681	0.468844	11400.838867
4710.606549	0.090740	0.468844	11493.393555
4710.607504	0.090582	0.468844	11579.899414
4711.574482	1.211396	0.462750	531.803040
4711.575345	1.714644	0.462750	2011.540527
4711.576392	1.691063	0.462750	3782.083496
4711.577359	1.640083	0.462750	5368.043945
4711.578220	1.595772	0.462750	6742.003418
4711.579309	1.542081	0.462750	8421.330078
4711.580357	1.493064	0.462750	9986.060547
4711.581255	0.803405	0.462750	10707.517578
4711.582184	0.097720	0.462750	10798.298828
4711.583266	0.090740	0.462750	10896.479492
4711.584205	0.090637	0.462750	10981.587891
4711.585068	0.090667	0.462750	11059.833008
4711.586125	0.090776	0.462750	11155.783203
4711.587138	0.090645	0.462750	11247.606445
4711.588033	0.090688	0.462750	11328.772461
4711.588996	0.090762	0.462750	11416.175781
4711.590053	0.090677	0.462750	11512.021484
4711.590974	0.090645	0.462750	11595.504883
4712.623633	1.289864	0.475511	656.541016
4712.624518	1.718210	0.475511	2177.157227
4712.625504	1.689884	0.475511	3843.382812
4712.626565	1.634030	0.475511	5577.088379
4712.627492	1.586437	0.475511	7047.715332
4712.628352	1.543396	0.475511	8375.036133
4712.629426	1.493822	0.475511	9979.400391
4712.630440	0.659718	0.475511	10648.354492
4712.631310	0.093516	0.475511	10729.712891
4712.632281	0.090707	0.475511	10817.789062
4712.633333	0.090699	0.475511	10913.205078
4712.634238	0.090681	0.475511	10995.271484
4712.635104	0.090710	0.475511	11073.827148
4712.636186	0.090784	0.475511	11172.054687
4712.637179	0.090645	0.475511	11262.064453
4712.638064	0.090688	0.475511	11342.324219
4712.639043	0.090688	0.475511	11431.108398
4712.640097	0.090743	0.475511	11526.751953
4713.617851	1.192786	0.463817	506.933899
4713.618839	1.712871	0.463817	2199.250488
4713.619903	1.684321	0.463817	3991.368164
4713.620816	1.636176	0.463817	5485.196289
4713.621688	1.589795	0.463817	6871.497559
4713.622776	1.538251	0.463817	8545.114258
4713.623778	1.490680	0.463817	10038.775391
4713.624677	0.753845	0.463817	10716.482422
4713.625667	0.094867	0.463817	10810.400391
4713.626716	0.090703	0.463817	10905.547852
4713.627601	0.090579	0.463817	10985.709961
4713.628477	0.090743	0.463817	11065.201172
4713.629589	0.090740	0.463817	11166.103516
4713.630536	0.090601	0.463817	11251.902344
4713.631397	0.090619	0.463817	11329.924805
4713.632437	0.090773	0.463817	11424.328125
4713.633465	0.090703	0.463817	11517.571289
4713.634342	0.090667	0.463817	11597.085937
4714.655245	1.235687	0.456925	630.200500
4714.656305	1.718339	0.456925	2451.639404
4714.657230	1.683351	0.456925	4008.738770
4714.658096	1.637164	0.456925	5426.522949
4714.659173	1.583492	0.456925	7131.944336
4714.660184	1.534237	0.456925	8683.058594
4714.661064	1.492606	0.456925	9996.551758
4714.662065	0.694636	0.456925	10691.882812
4714.663103	0.091670	0.456925	10787.036133
4714.664017	0.090626	0.456925	10869.868164
4714.664873	0.090667	0.456925	10947.478516
4714.665923	0.090707	0.456925	11042.720703
4714.666919	0.090593	0.456925	11132.951172
4714.667809	0.090656	0.456925	11213.634766
4714.668785	0.090699	0.456925	11302.157227
4714.669827	0.090707	0.456925	11396.673828
4714.670741	0.090674	0.456925	11479.549805
4714.671604	0.090637	0.456925	11557.769531
4715.660740	1.197814	0.443760	515.059937
4715.661622	1.712999	0.443760	2025.925293
4715.662701	1.688881	0.443760	3848.227539
4715.663660	1.638655	0.443760	5419.697266
4715.664521	1.594127	0.443760	6792.240723
4715.665563	1.542898	0.443760	8399.940430
4715.666600	1.494188	0.443760	9949.414062
4715.667496	0.849697	0.443760	10710.743164
4715.668430	0.099580	0.443760	10803.750977
4715.669495	0.090725	0.443760	10900.373047
4715.670438	0.090564	0.443760	10985.774414
4715.671307	0.090575	0.443760	11064.484375
4715.672362	0.090710	0.443760	11160.183594
4715.673380	0.090564	0.443760	11252.377930
4715.674273	0.090615	0.443760	11333.296875
4715.675230	0.090751	0.443760	11420.145508
4715.676276	0.090699	0.443760	11515.017578
4715.677209	0.090579	0.443760	11599.527344
4716.690880	1.193591	0.449931	507.276337
4716.691876	1.713464	0.449931	2213.886719
4716.692933	1.684644	0.449931	3994.555176
4716.693843	1.636326	0.449931	5483.611328
4716.694710	1.590655	0.449931	6862.709473
4716.695803	1.538851	0.449931	8544.673828
4716.696784	1.492225	0.449931	10008.546875
4716.697676	0.798691	0.449931	10720.979492
4716.698696	0.095830	0.449931	10818.726562
4716.699747	0.090688	0.449931	10914.040039
4716.700626	0.090634	0.449931	10993.707031
4716.701494	0.090656	0.449931	11072.396484
4716.702610	0.090732	0.449931	11173.654297
4716.703564	0.090663	0.449931	11260.146484
4716.704423	0.090674	0.449931	11338.035156
4716.705441	0.090710	0.449931	11430.377930
4716.706476	0.090696	0.449931	11524.248047
4716.707363	0.090692	0.449931	11604.692383
4717.696971	1.209595	0.461231	529.802490
4717.697842	1.713999	0.461231	2022.695557
4717.698908	1.688599	0.461231	3822.741699
4717.699923	1.635897	0.461231	5483.177246
4717.700815	1.590337	0.461231	6901.757812
4717.701797	1.543107	0.461231	8417.088867
4717.702854	1.493057	0.461231	9995.250000
4717.703774	0.768600	0.461231	10702.361328
4717.704635	0.096650	0.461231	10785.577148
4717.705722	0.090692	0.461231	10884.159180
4717.706691	0.090615	0.461231	10971.965820
4717.707570	0.090663	0.461231	11051.658203
4717.708591	0.090732	0.461231	11144.295898
4717.709646	0.090641	0.461231	11239.921875
4717.710525	0.090659	0.461231	11319.611328
4717.711395	0.090681	0.461231	11398.503906
4717.712478	0.090769	0.461231	11496.806641
4717.713428	0.090634	0.461231	11582.908203
4718.731193	1.198711	0.471616	507.054718
4718.732293	1.717079	0.471616	2395.841553
4718.733291	1.681556	0.471616	4074.034668
4718.734172	1.635747	0.471616	5515.127930
4718.735192	1.584437	0.471616	7131.253906
4718.736249	1.533417	0.471616	8752.075195
4718.737133	1.490735	0.471616	10069.884766
4718.738046	0.731499	0.471616	10737.743164
4718.739126	0.091882	0.471616	10836.975586
4718.740071	0.090667	0.471616	10922.655273
4718.740929	0.090637	0.471616	11000.421875
4718.741958	0.090729	0.471616	11093.782227
4718.742989	0.090674	0.471616	11187.266602
4718.743875	0.090612	0.471616	11267.548828
4718.744810	0.090721	0.471616	11352.373047
4718.745882	0.090729	0.471616	11449.634766
4718.746813	0.090590	0.471616	11533.973633
4718.747681	0.090634	0.471616	11612.643555
4719.731787	1.323845	0.490287	749.296326
4719.732842	1.718459	0.490287	2562.270996
4719.733728	1.682344	0.490287	4052.827637
4719.734661	1.633370	0.490287	5576.762207
4719.735742	1.578959	0.490287	7283.616211
4719.736689	1.533263	0.490287	8735.616211
4719.737553	1.491819	0.490287	10024.547852
4719.738590	0.598070	0.490287	10644.746094
4719.739616	0.091077	0.490287	10738.190430
4719.740500	0.090696	0.490287	10818.365234
4719.741448	0.090732	0.490287	10904.379883
4719.742503	0.090670	0.490287	11000.037109
4719.743432	0.090667	0.490287	11084.266602
4719.744297	0.090710	0.490287	11162.731445
4719.745367	0.090798	0.490287	11259.885742
4719.746376	0.090656	0.490287	11351.357422
4719.747263	0.090681	0.490287	11431.791992
4719.748250	0.090743	0.490287	11521.355469
4720.771657	1.326965	0.487584	756.370239
4720.772711	1.718156	0.487584	2567.306152
4720.773598	1.682435	0.487584	4059.626221
4720.774496	1.633777	0.487584	5526.757812
4720.775604	1.579014	0.487584	7276.304687
4720.776549	1.533420	0.487584	8725.386719
4720.777416	1.492024	0.487584	10018.971680
4720.778452	0.602604	0.487584	10643.269531
4720.779485	0.091018	0.487584	10737.291016
4720.780375	0.090652	0.487584	10817.970703
4720.781337	0.090718	0.487584	10905.241211
4720.782376	0.090718	0.487584	10999.497070
4720.783304	0.090590	0.487584	11083.564453
4720.784173	0.090619	0.487584	11162.312500
4720.785236	0.090791	0.487584	11258.823242
4720.786247	0.090663	0.487584	11350.483398
4720.787140	0.090670	0.487584	11431.452148
4720.788097	0.090824	0.487584	11518.371094
4721.766845	1.189402	0.479721	501.927551
4721.767751	1.712241	0.479721	2053.218018
4721.768848	1.686537	0.479721	3903.348877
4721.769798	1.636930	0.479721	5458.432617
4721.770666	1.591930	0.479721	6840.227539
4721.771719	1.541049	0.479721	8462.952148
4721.772752	1.492577	0.479721	10004.784180
4721.773648	0.793096	0.479721	10715.398437
4721.774610	0.097233	0.479721	10808.936523
4721.775661	0.090641	0.479721	10904.200195
4721.776590	0.090612	0.479721	10988.377930
4721.777450	0.090670	0.479721	11066.354492
4721.778527	0.090674	0.479721	11164.009766
4721.779530	0.090575	0.479721	11254.856445
4721.780409	0.090626	0.479721	11334.516602
4721.781398	0.090729	0.479721	11424.247070
4721.782438	0.090736	0.479721	11518.612305
4721.783340	0.090575	0.479721	11600.310547
4722.811959	1.317762	0.465711	702.367432
4722.812933	1.719694	0.465711	2377.349121
4722.813809	1.688507	0.465711	3856.481445
4722.814700	1.640299	0.465711	5317.987793
4722.815805	1.586063	0.465711	7070.587891
4722.816708	1.541579	0.465711	8462.633789
4722.817575	1.500275	0.465711	9763.372070
4722.818612	0.840256	0.465711	10634.717773
4722.819584	0.094193	0.465711	10726.273437
4722.820508	0.090604	0.465711	10809.992187
4722.821369	0.090663	0.465711	10888.052734
4722.822457	0.090677	0.465711	10986.709961
4722.823331	0.090579	0.465711	11065.875977
4722.824188	0.090641	0.465711	11143.555664
4722.825245	0.090751	0.465711	11239.479492
4722.826207	0.090630	0.465711	11326.665039
4722.827106	0.090659	0.465711	11408.167969
4722.827984	0.090630	0.465711	11487.741211
4723.801673	1.305223	0.466774	741.366882
4723.802685	1.719170	0.466774	2481.166992
4723.803573	1.684427	0.466774	3976.938477
4723.804441	1.636703	0.466774	5397.596680
4723.805545	1.582786	0.466774	7144.992187
4723.806474	1.537617	0.466774	8573.438477
4723.807355	1.495913	0.466774	9891.337891
4723.808352	0.768593	0.466774	10657.625000
4723.809351	0.092501	0.466774	10750.034180
4723.810238	0.090590	0.466774	10830.386719
4723.811097	0.090765	0.466774	10908.354492
4723.812184	0.090648	0.466774	11006.888672
4723.813100	0.090623	0.466774	11089.899414
4723.813972	0.090681	0.466774	11168.973633
4723.814961	0.090773	0.466774	11258.748047
4723.815963	0.090681	0.466774	11349.610352
4723.816843	0.090663	0.466774	11429.393555
4723.817699	0.090681	0.466774	11507.016602
4724.852237	1.266218	0.440054	639.440186
4724.853122	1.718057	0.440054	2159.920410
4724.853986	1.695271	0.440054	3624.634521
4724.855089	1.637889	0.440054	5431.226562
4724.856070	1.588118	0.440054	6989.169922
4724.856949	1.544810	0.440054	8347.057617
4724.857840	1.501252	0.440054	9684.673828
4724.858950	0.830164	0.440054	10606.155273
4724.859821	0.098119	0.440054	10691.617187
4724.860676	0.090546	0.440054	10769.034180
4724.861693	0.090729	0.440054	10861.305664
4724.862674	0.090575	0.440054	10950.160156
4724.863556	0.090656	0.440054	11030.118164
4724.864412	0.090696	0.440054	11107.753906
4724.865533	0.090659	0.440054	11209.382812
4724.866431	0.090597	0.440054	11290.739258
4724.867292	0.090623	0.440054	11368.765625
4724.868403	0.090729	0.440054	11469.565430
4725.837880	1.309365	0.472522	691.344849
4725.838922	1.718716	0.472522	2482.246826
4725.839820	1.684006	0.472522	3994.484375
4725.840759	1.635066	0.472522	5529.811523
4725.841829	1.580750	0.472522	7221.213379
4725.842768	1.535145	0.472522	8662.714844
4725.843632	1.493503	0.472522	9953.101562
4725.844702	0.624510	0.472522	10621.328125
4725.845720	0.091216	0.472522	10714.185547
4725.846597	0.090645	0.472522	10793.680664
4725.847572	0.090681	0.472522	10882.094727
4725.848613	0.090677	0.472522	10976.490234
4725.849521	0.090542	0.472522	11058.702148
4725.850377	0.090685	0.472522	11136.328125
4725.851440	0.090769	0.472522	11232.815430
4725.852445	0.090630	0.472522	11323.898437
4725.853335	0.090604	0.472522	11404.536133
4725.854314	0.090762	0.472522	11493.391602
4726.891565	1.298295	0.424956	685.499573
4726.892519	1.719697	0.424956	2326.090820
4726.893383	1.690525	0.424956	3786.704346
4726.894453	1.634341	0.424956	5535.449219
4726.895506	1.581643	0.424956	7200.919434
4726.896384	1.538159	0.424956	8551.422852
4726.897321	1.493840	0.424956	9951.151367
4726.898398	0.597063	0.424956	10594.188477
4726.899336	0.091564	0.424956	10680.075195
4726.900202	0.090659	0.424956	10758.585937
4726.901238	0.090773	0.424956	10852.625977
4726.902253	0.090623	0.424956	10944.607422
4726.903146	0.090659	0.424956	11025.566406
4726.904103	0.090791	0.424956	11112.453125
4726.905148	0.090806	0.424956	11207.344727
4726.906074	0.090612	0.424956	11291.250977
4726.906939	0.090710	0.424956	11369.715820
4726.907985	0.090773	0.424956	11464.664062
4727.874106	1.289857	0.485747	712.001160
4727.875167	1.717976	0.485747	2534.773682
4727.876070	1.681996	0.485747	4053.615967
4727.876932	1.634549	0.485747	5462.597656
4727.878034	1.581101	0.485747	7204.971191
4727.879035	1.532285	0.485747	8738.789062
4727.879911	1.490716	0.485747	10044.656250
4727.880909	0.612839	0.485747	10656.269531
4727.881987	0.091139	0.485747	10754.517578
4727.882856	0.090729	0.485747	10833.361328
4727.883718	0.090721	0.485747	10911.563477
4727.884825	0.090773	0.485747	11012.048828
4727.885786	0.090586	0.485747	11099.101562
4727.886656	0.090630	0.485747	11177.949219
4727.887668	0.090721	0.485747	11269.759766
4727.888708	0.090736	0.485747	11364.125000
4727.889602	0.090718	0.485747	11445.226562
4727.890526	0.090769	0.485747	11529.096680
4728.929720	1.185743	0.432904	499.197937
4728.930714	1.713105	0.432904	2202.024658
4728.931784	1.683794	0.432904	4003.684082
4728.932700	1.635388	0.432904	5501.699707
4728.933572	1.588700	0.432904	6887.045898
4728.934677	1.536998	0.432904	8585.428711
4728.935649	1.491387	0.432904	10035.056641
4728.936526	0.793630	0.432904	10731.070312
4728.937586	0.093135	0.432904	10829.792969
4728.938626	0.090718	0.432904	10924.139648
4728.939512	0.090623	0.432904	11004.431641
4728.940440	0.090725	0.432904	11088.625000
4728.941497	0.090747	0.432904	11184.544922
4728.942432	0.090681	0.432904	11269.332031
4728.943293	0.090696	0.432904	11347.420898
4728.944356	0.090740	0.432904	11443.876953
4728.945362	0.090645	0.432904	11535.065430
4728.946247	0.090681	0.432904	11615.318359
4729.912261	1.191896	0.485429	516.090820
4729.913129	1.713776	0.485429	2003.648071
4729.914151	1.691305	0.485429	3732.161621
4729.915202	1.637036	0.485429	5452.686523
4729.916100	1.590846	0.485429	6881.266113
4729.917040	1.545121	0.485429	8333.679687
4729.918112	1.494445	0.485429	9935.724609
4729.919054	0.789580	0.485429	10679.508789
4729.919915	0.097430	0.485429	10763.396484
4729.920980	0.090765	0.485429	10860.061523
4729.921988	0.090645	0.485429	10951.431641
4729.922868	0.090725	0.485429	11031.269531
4729.923849	0.090696	0.485429	11120.242187
4729.924898	0.090776	0.485429	11215.466797
4729.925809	0.090626	0.485429	11298.027344
4729.926669	0.090707	0.485429	11376.035156
4729.927745	0.090857	0.485429	11473.796875
4729.928736	0.090743	0.485429	11563.723633
4730.966967	1.198033	0.433867	506.768158
4730.968044	1.717577	0.433867	2356.598389
4730.968975	1.686310	0.433867	3926.552734
4730.969853	1.640281	0.433867	5366.719238
4730.970838	1.590992	0.433867	6933.846680
4730.971858	1.540664	0.433867	8505.324219
4730.972742	1.498572	0.433867	9830.061523
4730.973604	1.023900	0.433867	10712.663086
4730.974672	0.100422	0.433867	10819.914062
4730.975588	0.090564	0.433867	10902.871094
4730.976464	0.090667	0.433867	10982.294922
4730.977404	0.090630	0.433867	11067.487305
4730.978436	0.090740	0.433867	11161.130859
4730.979329	0.090718	0.433867	11242.141602
4730.980192	0.090692	0.433867	11320.409180
4730.981255	0.090721	0.433867	11416.845703
4730.982214	0.090667	0.433867	11503.794922
4730.983090	0.090670	0.433867	11583.221680
4731.951137	1.290934	0.473143	663.539978
4731.952074	1.719218	0.473143	2274.446777
4731.952956	1.691078	0.473143	3765.977539
4731.953890	1.641855	0.473143	5299.470703
4731.954953	1.588341	0.473143	6987.877441
4731.955851	1.544224	0.473143	8374.589844
4731.956719	1.502699	0.473143	9678.932617
4731.957772	0.887402	0.473143	10613.367187
4731.958723	0.096896	0.473143	10705.514648
4731.959604	0.090586	0.473143	10785.321289
4731.960509	0.090769	0.473143	10867.466797
4731.961582	0.090699	0.473143	10964.787109
4731.962462	0.090670	0.473143	11044.577148
4731.963320	0.090696	0.473143	11122.394531
4731.964350	0.090736	0.473143	11215.852539
4731.965317	0.090645	0.473143	11303.505859
4731.966182	0.090652	0.473143	11381.919922
4731.967042	0.090626	0.473143	11459.858398
4733.003198	1.192416	0.427445	510.353912
4733.004239	1.715896	0.427445	2296.601807
4733.005195	1.686720	0.427445	3909.105957
4733.006078	1.640347	0.427445	5357.532227
4733.006945	1.593267	0.427445	6738.894531
4733.008076	1.541074	0.427445	8481.849609
4733.008981	1.498041	0.427445	9837.576172
4733.009856	1.007303	0.427445	10718.966797
4733.010921	0.098405	0.427445	10823.767578
4733.011899	0.090630	0.427445	10912.403320
4733.012771	0.090699	0.427445	10991.493164
4733.013647	0.090699	0.427445	11070.946289
4733.014741	0.090699	0.427445	11170.171875
4733.015636	0.090667	0.427445	11251.318359
4733.016496	0.090696	0.427445	11329.316406
4733.017568	0.090802	0.427445	11426.656250
4733.018523	0.090645	0.427445	11513.221680
4733.019449	0.090703	0.427445	11597.212891
4733.989312	1.198389	0.470665	510.513580
4733.990185	1.712377	0.470665	2005.418457
4733.991303	1.687621	0.470665	3892.178711
4733.992210	1.639596	0.470665	5379.291992
4733.993083	1.594369	0.470665	6771.175781
4733.994161	1.542312	0.470665	8433.788086
4733.995147	1.495507	0.470665	9908.357422
4733.996031	0.916699	0.470665	10718.719727
4733.996896	0.104260	0.470665	10808.905273
4733.998017	0.090645	0.470665	10910.517578
4733.998894	0.090677	0.470665	10990.041992
4733.999750	0.090674	0.470665	11067.659180
4734.000799	0.090710	0.470665	11162.814453
4734.001751	0.090608	0.470665	11249.073242
4734.002670	0.090626	0.470665	11332.358398
4734.003544	0.090681	0.470665	11411.613281
4734.004633	0.090751	0.470665	11510.440430
4734.005539	0.090641	0.470665	11592.561523
4735.039932	1.206324	0.421850	513.894226
4735.041025	1.717500	0.421850	2391.121826
4735.041947	1.686090	0.421850	3945.696777
4735.042815	1.639878	0.421850	5369.110840
4735.043784	1.590853	0.421850	6910.647461
4735.044800	1.540770	0.421850	8476.070312
4735.045698	1.498488	0.421850	9821.711914
4735.046574	0.997207	0.421850	10695.265625
4735.047648	0.097742	0.421850	10800.240234
4735.048582	0.090659	0.421850	10884.916016
4735.049456	0.090667	0.421850	10964.158203
4735.050409	0.090670	0.421850	11050.566406
4735.051438	0.090648	0.421850	11143.843750
4735.052326	0.090652	0.421850	11224.342773
4735.053188	0.090659	0.421850	11302.491211
4735.054260	0.090703	0.421850	11399.724609
4735.055188	0.090656	0.421850	11483.852539
4735.056061	0.090612	0.421850	11562.956055
4736.031226	1.258433	0.462862	612.856689
4736.032103	1.717379	0.462862	2118.998047
4736.033030	1.692828	0.462862	3688.250000
4736.034121	1.636556	0.462862	5473.732910
4736.035073	1.587905	0.462862	6985.418945
4736.035939	1.544996	0.462862	8323.385742
4736.037014	1.494756	0.462862	9930.248047
4736.038032	0.684196	0.462862	10626.758789
4736.038919	0.093805	0.462862	10709.963867
4736.039878	0.090765	0.462862	10797.007812
4736.040910	0.090740	0.462862	10890.651367
4736.041823	0.090670	0.462862	10973.433594
4736.042682	0.090677	0.462862	11051.325195
4736.043756	0.090743	0.462862	11148.783203
4736.044758	0.090707	0.462862	11239.671875
4736.045632	0.090601	0.462862	11318.856445
4736.046618	0.090685	0.462862	11408.271484
4736.047661	0.090732	0.462862	11502.905273
4737.072569	1.198195	0.449794	509.232727
4737.073639	1.717174	0.449794	2346.608887
4737.074653	1.682571	0.449794	4052.735596
4737.075537	1.635769	0.449794	5498.755371
4737.076532	1.586239	0.449794	7077.062988
4737.077580	1.534958	0.449794	8685.699219
4737.078472	1.492038	0.449794	10016.597656
4737.079348	0.798538	0.449794	10716.116211
4737.080427	0.092827	0.449794	10816.276367
4737.081424	0.090652	0.449794	10906.656250
4737.082316	0.090623	0.449794	10987.491211
4737.083300	0.090637	0.449794	11076.677734
4737.084346	0.090721	0.449794	11171.572266
4737.085236	0.090637	0.449794	11252.239258
4737.086097	0.090674	0.449794	11330.309570
4737.087217	0.090784	0.449794	11431.987305
4737.088189	0.090641	0.449794	11520.089844
4737.089053	0.090630	0.449794	11598.394531
4738.071997	1.193624	0.477187	508.483948
4738.072969	1.712487	0.477187	2173.020752
4738.074035	1.684380	0.477187	3968.569824
4738.074962	1.635696	0.477187	5484.859863
4738.075831	1.590172	0.477187	6866.719727
4738.076906	1.538818	0.477187	8520.949219
4738.077909	1.491010	0.477187	10016.431641
4738.078816	0.763092	0.477187	10708.556641
4738.079802	0.095372	0.477187	10802.593750
4738.080838	0.090663	0.477187	10896.520508
4738.081739	0.090696	0.477187	10978.237305
4738.082604	0.090615	0.477187	11056.619141
4738.083705	0.090667	0.477187	11156.443359
4738.084678	0.090579	0.477187	11244.576172
4738.085561	0.090634	0.477187	11324.605469
4738.086560	0.090714	0.477187	11415.228516
4738.087599	0.090593	0.477187	11509.354492
4738.088479	0.090667	0.477187	11589.140625
4739.106852	1.294882	0.471286	664.274231
4739.107844	1.719239	0.471286	2369.759766
4739.108737	1.687306	0.471286	3876.523926
4739.109733	1.635538	0.471286	5505.520020
4739.110798	1.581563	0.471286	7189.884277
4739.111694	1.537657	0.471286	8567.625000
4739.112561	1.494514	0.471286	9863.369141
4739.113681	0.626243	0.471286	10564.760742
4739.114641	0.091564	0.471286	10652.662109
4739.115506	0.090612	0.471286	10731.041016
4739.116558	0.090780	0.471286	10826.541992
4739.117590	0.090677	0.471286	10920.121094
4739.118480	0.090667	0.471286	11000.814453
4739.119404	0.090780	0.471286	11084.695312
4739.120473	0.090637	0.471286	11181.586914
4739.121411	0.090663	0.471286	11266.628906
4739.122274	0.090659	0.471286	11344.868164
4739.123333	0.090674	0.471286	11440.891602
4740.112963	1.312767	0.493103	737.775269
4740.114023	1.718101	0.493103	2558.961914
4740.114928	1.681084	0.493103	4080.343018
4740.115796	1.633272	0.493103	5498.022461
4740.116918	1.578655	0.493103	7269.272949
4740.117879	1.532845	0.493103	8742.337891
4740.118744	1.491387	0.493103	10032.387695
4740.119780	0.611019	0.493103	10665.403320
4740.120805	0.091135	0.493103	10758.817383
4740.121683	0.090564	0.493103	10838.333008
4740.122588	0.090674	0.493103	10920.392578
4740.123660	0.090740	0.493103	11017.666016
4740.124610	0.090637	0.493103	11103.771484
4740.125481	0.090667	0.493103	11182.742187
4740.126503	0.090740	0.493103	11275.478516
4740.127532	0.090623	0.493103	11368.729492
4740.128426	0.090564	0.493103	11449.693359
4740.129362	0.090630	0.493103	11534.522461
4741.142518	1.223302	0.484011	595.748047
4741.143597	1.717767	0.484011	2449.218750
4741.144540	1.682234	0.484011	4035.565430
4741.145409	1.635996	0.484011	5457.246094
4741.146447	1.583218	0.484011	7100.625977
4741.147474	1.533713	0.484011	8675.750000
4741.148360	1.491921	0.484011	9997.592773
4741.149336	0.712394	0.484011	10692.888672
4741.150382	0.091641	0.484011	10788.745117
4741.151307	0.090623	0.484011	10872.571289
4741.152168	0.090648	0.484011	10950.619141
4741.153225	0.090729	0.484011	11046.519531
4741.154224	0.090575	0.484011	11137.003906
4741.155116	0.090615	0.484011	11217.833008
4741.156092	0.090648	0.484011	11306.305664
4741.157146	0.090677	0.484011	11401.879883
4741.158062	0.090630	0.484011	11484.896484
4741.158923	0.090696	0.484011	11562.985352
4742.151617	1.192445	0.481912	507.981628
4742.152579	1.712710	0.481912	2155.608643
4742.153628	1.686248	0.481912	3924.482422
4742.154548	1.637710	0.481912	5431.175781
4742.155414	1.592494	0.481912	6810.275391
4742.156495	1.541089	0.481912	8476.192383
4742.157487	1.493767	0.481912	9958.009766
4742.158371	0.866766	0.481912	10724.231445
4742.159352	0.099247	0.481912	10821.592773
4742.160420	0.090710	0.481912	10918.471680
4742.161309	0.090612	0.481912	10999.025391
4742.162176	0.090608	0.481912	11077.582031
4742.163246	0.090773	0.481912	11174.708984
4742.164240	0.090637	0.481912	11264.802734
4742.165134	0.090645	0.481912	11345.838867
4742.166109	0.090806	0.481912	11434.374023
4742.167153	0.090677	0.481912	11529.041016
4742.168048	0.090549	0.481912	11610.083008
4743.181260	1.210803	0.464164	535.175049
4743.182124	1.713124	0.464164	2015.313965
4743.183251	1.686475	0.464164	3915.970947
4743.184211	1.635912	0.464164	5486.446289
4743.185073	1.591600	0.464164	6858.405762
4743.186129	1.539782	0.464164	8484.415039
4743.187188	1.490801	0.464164	10063.172852
4743.188073	0.747096	0.464164	10724.352539
4743.189008	0.095966	0.464164	10814.080078
4743.190077	0.090740	0.464164	10911.081055
4743.191018	0.090707	0.464164	10996.436523
4743.191886	0.090696	0.464164	11075.160156
4743.192930	0.090747	0.464164	11169.900391
4743.193950	0.090681	0.464164	11262.395508
4743.194838	0.090718	0.464164	11342.953125
4743.195794	0.090743	0.464164	11429.704102
4743.196853	0.090685	0.464164	11525.739258
4743.197782	0.090656	0.464164	11609.958008
4744.185784	1.182814	0.450862	496.781769
4744.186779	1.714709	0.450862	2202.917725
4744.187693	1.690682	0.450862	3748.201416
4744.188611	1.643167	0.450862	5256.628418
4744.189492	1.597299	0.450862	6663.848633
4744.190538	1.547014	0.450862	8282.025391
4744.191432	1.504299	0.450862	9626.869141
4744.192309	1.191914	0.450862	10672.177734
4744.193289	0.141639	0.450862	10810.984375
4744.194239	0.090652	0.450862	10897.103516
4744.195158	0.090696	0.450862	10980.453125
4744.196022	0.090674	0.450862	11058.794922
4744.197068	0.090703	0.450862	11153.669922
4744.197947	0.090597	0.450862	11233.304687
4744.198811	0.090677	0.450862	11311.650391
4744.199724	0.090773	0.450862	11394.525391
4744.200716	0.090619	0.450862	11484.418945
4744.201645	0.090696	0.450862	11568.675781
4745.225164	1.217150	0.446024	534.328674
4745.226027	1.713453	0.446024	2013.038818
4745.227082	1.689954	0.446024	3795.939941
4745.227962	1.643767	0.446024	5242.455078
4745.228832	1.599206	0.446024	6633.764648
4745.229809	1.551636	0.446024	8149.712891
4745.230760	1.505160	0.446024	9581.120117
4745.231683	1.154495	0.446024	10646.718750
4745.232566	0.136091	0.446024	10766.887695
4745.233598	0.090582	0.446024	10860.368164
4745.234496	0.090641	0.446024	10941.763672
4745.235368	0.090670	0.446024	11020.828125
4745.236273	0.090725	0.446024	11102.934570
4745.237282	0.090707	0.446024	11194.458008
4745.238207	0.090615	0.446024	11278.277344
4745.239067	0.090685	0.446024	11356.266602
4745.240147	0.090692	0.446024	11454.213867
4745.241038	0.090637	0.446024	11534.971680
4746.218935	1.211792	0.446209	511.376221
4746.220057	1.718412	0.446209	2439.434570
4746.220962	1.684768	0.446209	3964.149658
4746.221842	1.638732	0.446209	5406.233398
4746.222863	1.587583	0.446209	7027.155762
4746.223864	1.538269	0.446209	8566.962891
4746.224761	1.495781	0.446209	9908.678711
4746.225628	0.919200	0.446209	10705.625000
4746.226737	0.094871	0.446209	10810.836914
4746.227623	0.090604	0.446209	10891.112305
4746.228493	0.090648	0.446209	10969.976562
4746.229512	0.090820	0.446209	11062.522461
4746.230501	0.090685	0.446209	11152.209961
4746.231377	0.090637	0.446209	11231.608398
4746.232240	0.090710	0.446209	11309.891602
4746.233327	0.090696	0.446209	11408.477539
4746.234228	0.090645	0.446209	11490.148437
4746.235107	0.090590	0.446209	11569.776367
4747.266063	1.272294	0.464740	645.052917
4747.267061	1.719001	0.464740	2360.616211
4747.267959	1.687376	0.464740	3875.879395
4747.268951	1.635663	0.464740	5498.457031
4747.270003	1.582489	0.464740	7163.235352
4747.270899	1.538298	0.464740	8541.550781
4747.271780	1.495151	0.464740	9858.779297
4747.272906	0.625034	0.464740	10562.567383
4747.273861	0.091604	0.464740	10650.048828
4747.274723	0.090634	0.464740	10728.174805
4747.275764	0.090762	0.464740	10822.658203
4747.276786	0.090699	0.464740	10915.353516
4747.277666	0.090667	0.464740	10995.139648
4747.278590	0.090773	0.464740	11079.013672
4747.279648	0.090743	0.464740	11175.020508
4747.280595	0.090626	0.464740	11260.843750
4747.281456	0.090645	0.464740	11338.888672
4747.282512	0.090780	0.464740	11434.751953
4748.252685	1.271873	0.471559	635.936279
4748.253646	1.718917	0.471559	2287.815918
4748.254536	1.689767	0.471559	3791.708496
4748.255554	1.636890	0.471559	5458.062012
4748.256607	1.583474	0.471559	7125.460449
4748.257507	1.539225	0.471559	8510.762695
4748.258399	1.496045	0.471559	9845.234375
4748.259496	0.673729	0.471559	10584.315430
4748.260437	0.092223	0.471559	10671.097656
4748.261304	0.090725	0.471559	10749.755859
4748.262335	0.090773	0.471559	10843.342773
4748.263359	0.090710	0.471559	10936.230469
4748.264251	0.090667	0.471559	11017.105469
4748.265185	0.090699	0.471559	11101.818359
4748.266236	0.090780	0.471559	11197.228516
4748.267169	0.090615	0.471559	11281.772461
4748.268028	0.090692	0.471559	11359.676758
4748.269090	0.090773	0.471559	11456.077148
4749.306824	1.218157	0.436493	534.770813
4749.307706	1.715336	0.436493	2047.697021
4749.308700	1.691803	0.436493	3729.349121
4749.309746	1.637640	0.436493	5442.320801
4749.310661	1.590549	0.436493	6897.673340
4749.311530	1.545776	0.436493	8240.953125
4749.312662	1.494404	0.436493	9932.619141
4749.313635	0.764989	0.436493	10676.953125
4749.314503	0.095874	0.436493	10760.171875
4749.315543	0.090736	0.436493	10854.537109
4749.316588	0.090652	0.436493	10949.268555
4749.317482	0.090681	0.436493	11030.337891
4749.318413	0.090718	0.436493	11114.795898
4749.319468	0.090879	0.436493	11210.672852
4749.320398	0.090685	0.436493	11295.009766
4749.321258	0.090696	0.436493	11373.007812
4749.322316	0.090747	0.436493	11469.018555
4749.323338	0.090663	0.436493	11561.675781
4750.289897	1.246410	0.465743	583.319885
4750.290776	1.716112	0.465743	2091.782471
4750.291734	1.692861	0.465743	3713.543457
4750.292791	1.637512	0.465743	5444.393555
4750.293720	1.590000	0.465743	6921.503418
4750.294582	1.547058	0.465743	8255.067383
4750.295660	1.497162	0.465743	9869.007812
4750.296681	0.752014	0.465743	10636.814453
4750.297556	0.095588	0.465743	10720.454102
4750.298543	0.090677	0.465743	10809.953125
4750.299604	0.090718	0.465743	10906.205078
4750.300491	0.090659	0.465743	10986.620117
4750.301356	0.090703	0.465743	11065.078125
4750.302443	0.090714	0.465743	11163.684570
4750.303434	0.090685	0.465743	11253.552734
4750.304329	0.090652	0.465743	11334.686523
4750.305312	0.090714	0.465743	11423.858398
4750.306365	0.090732	0.465743	11519.399414
4751.342091	1.270898	0.414631	636.720154
4751.343117	1.719086	0.414631	2400.502197
4751.344016	1.686042	0.414631	3916.254395
4751.344982	1.636498	0.414631	5497.111328
4751.346030	1.582511	0.414631	7155.583008
4751.346961	1.537017	0.414631	8586.545898
4751.347827	1.495085	0.414631	9881.290039
4751.348914	0.660941	0.414631	10599.733398
4751.349911	0.091626	0.414631	10691.084961
4751.350788	0.090667	0.414631	10770.599609
4751.351775	0.090787	0.414631	10860.207031
4751.352824	0.090619	0.414631	10955.266602
4751.353724	0.090681	0.414631	11036.879883
4751.354581	0.090597	0.414631	11114.521484
4751.355699	0.090795	0.414631	11216.030273
4751.356698	0.090710	0.414631	11306.650391
4751.357574	0.090626	0.414631	11386.039062
4751.358564	0.090740	0.414631	11475.871094
4752.329717	1.264460	0.443837	601.883179
4752.330601	1.716962	0.443837	2119.677246
4752.331557	1.692111	0.443837	3737.334961
4752.332613	1.636542	0.443837	5465.522949
4752.333544	1.588718	0.443837	6944.619629
4752.334411	1.545472	0.443837	8284.543945
4752.335491	1.495547	0.443837	9899.734375
4752.336495	0.737996	0.443837	10640.681641
4752.337382	0.095145	0.443837	10725.075195
4752.338385	0.090612	0.443837	10815.958984
4752.339435	0.090685	0.443837	10911.177734
4752.340337	0.090560	0.443837	10992.863281
4752.341196	0.090652	0.443837	11070.733398
4752.342284	0.090725	0.443837	11169.442383
4752.343243	0.090590	0.443837	11256.317383
4752.344114	0.090630	0.443837	11335.255859
4752.345111	0.090656	0.443837	11425.639648
4752.346188	0.090641	0.443837	11523.259766
