time (s)	theta (A)	maj axis/z0	min axis/z0	crossing#mod 255
4642.142460	150.147339	-0.770979	-0.056554	161
4644.179084	329.815948	0.765630	0.100000	163
4646.220568	328.993805	0.781489	0.047757	165
4648.263295	328.677277	0.792715	0.046371	167
4650.303303	328.611084	0.803506	0.045674	169
4652.340087	328.375946	0.815174	0.042989	171
4654.373900	328.325806	0.824211	0.039297	173
4656.408315	327.989807	0.831291	0.037456	175
4658.443673	327.560333	0.835995	0.035670	177
4660.483357	327.142792	0.842471	0.034850	179
4662.529558	327.325104	0.854738	0.032778	181
4664.573781	327.645966	0.872680	0.030062	183
4666.611020	327.776917	0.887466	0.025431	185
4668.642593	326.889954	0.891004	0.021497	187
4670.675474	325.925934	0.887751	0.018098	189
4672.716151	326.058899	0.894092	0.017533	191
4674.761235	326.691559	0.910963	0.017163	193
4676.801805	326.835297	0.928941	0.014596	195
4678.837124	326.517029	0.939042	0.012257	197
4680.870736	326.044312	0.942397	0.010727	199
4682.905582	325.706482	0.947483	0.009455	201
4684.942018	325.582428	0.954351	0.007992	203
4686.978949	325.519470	0.962723	0.006209	205
4689.016370	325.581970	0.973271	0.006489	207
4691.054153	325.409637	0.981699	0.004196	209
4693.092329	325.410278	0.988593	0.001299	211
4695.130947	325.516144	0.996465	-0.000035	213
4697.171302	325.454285	1.007600	-0.001700	215
4699.214118	325.080139	1.019823	-0.002927	217
4701.256705	324.530975	1.036155	-0.004200	219
4703.295464	324.263397	1.049212	-0.004582	221
4705.330656	324.467804	1.055342	-0.003757	223
4707.364455	324.974609	1.054871	-0.004736	225
4709.398894	325.303528	1.056752	-0.007927	227
4711.439843	325.022491	1.065948	-0.009969	229
4713.482124	324.405975	1.079900	-0.011185	231
4715.523147	324.056702	1.094024	-0.013141	233
4717.560150	323.986908	1.103900	-0.014772	235
4719.595947	324.136810	1.109965	-0.016420	237
4721.631561	324.158661	1.115755	-0.018245	239
4723.666963	323.998444	1.118713	-0.021560	241
4725.702869	323.764374	1.122132	-0.024260	243
4727.739707	323.468414	1.127622	-0.027516	245
4729.777714	323.468597	1.134248	-0.031563	247
4731.816157	323.285126	1.144290	-0.032775	249
4733.854630	323.172363	1.152360	-0.034111	251
4735.894695	323.284760	1.159990	-0.034665	253
4737.935500	323.648621	1.170465	-0.035567	255
4739.975310	324.129272	1.180834	-0.036064	1
4742.013705	324.257111	1.193103	-0.036491	3
4744.049532	323.866119	1.201996	-0.037898	5
4746.083284	323.063202	1.201214	-0.038780	7
4748.118356	322.276581	1.194920	-0.039696	9
4750.155169	322.094696	1.194067	-0.041227	11
4752.194601	322.363617	1.201620	-0.042884	13
4754.235047	322.937744	1.224803	-0.045918	15
4756.274720	323.233734	1.226741	-0.047384	17
4758.311836	323.336731	1.230885	-0.049551	19
4760.347671	323.224091	1.234695	-0.051357	21
4762.382939	322.880981	1.233978	-0.052657	23
4764.418523	322.663605	1.228649	-0.054250	25
4766.454451	322.455963	1.224584	-0.055858	27
4768.490687	322.367981	1.220152	-0.057997	29
4770.527491	322.258820	1.217537	-0.059315	31
4772.564750	322.137177	1.213846	-0.060863	33
4774.602462	321.954773	1.212094	-0.063698	35
4776.640033	321.773743	1.211394	-0.066362	37
4778.676400	321.558411	1.210809	-0.067485	39
4780.710888	321.292114	1.208081	-0.068869	41
4782.744210	321.132935	1.203855	-0.070364	43
4784.777442	321.024994	1.200938	-0.072233	45
4786.812455	323.499359	1.177590	-0.100000	47
4788.850259	323.135956	1.176116	-0.100000	49
4790.889291	322.394104	1.178555	-0.100000	51
4792.929003	335.021545	1.089063	-0.100000	53
4794.968063	321.023926	1.198544	-0.076346	55
4797.005424	326.891479	1.113804	-0.100000	57
4799.041290	333.691895	1.091059	-0.100000	59
4801.076934	340.069916	1.063777	-0.100000	61
4803.112687	320.688416	1.194548	-0.080403	63
4805.148777	322.222839	1.181527	-0.100000	65
4807.185122	320.593658	1.189832	-0.081769	67
4809.222059	322.283295	1.177116	-0.100000	69
4811.259796	324.935608	1.156897	-0.100000	71
4813.297436	321.982483	1.174424	-0.100000	73
4815.334682	321.041473	1.181923	-0.085443	75
4817.370754	321.939514	1.174309	-0.100000	77
4819.405644	321.686493	1.172204	-0.100000	79
4821.439933	339.690430	1.057914	-0.100000	81
4823.473294	319.284729	1.171456	-0.090799	83
4825.507951	320.637604	1.142989	-0.100000	85
4827.544011	321.024811	1.137161	-0.100000	87
4829.581700	320.869171	1.134727	-0.100000	89
4831.620273	333.878296	1.064930	-0.100000	91
4833.659565	321.205658	1.142195	-0.100000	93
4835.697992	319.706482	1.159819	-0.097861	95
4837.735533	320.815887	1.147255	-0.100000	97
4839.772287	320.562714	1.147439	-0.100000	99
4841.808891	320.588196	1.145372	-0.100000	101
4843.845150	319.438812	1.156043	-0.100000	103
4845.881773	142.391571	1.305299	0.100000	105
4847.918219	142.369217	1.298010	0.100000	107
4849.954669	142.219666	1.306043	0.100000	109
4851.990643	142.815811	1.300971	0.100000	111
4854.025673	143.700958	1.290219	0.100000	113
4856.059977	146.502991	1.341624	0.100000	115
4858.094042	144.181656	1.273169	0.100000	117
4860.128259	147.088531	1.300494	0.100000	119
4862.163187	317.161133	1.126931	-0.100000	121
4864.199542	149.300064	1.285687	0.100000	123
4866.237436	317.050232	1.125442	-0.100000	125
4868.276266	317.084930	1.123626	-0.100000	127
4870.314950	317.377686	1.124256	-0.100000	129
4872.353361	317.523193	1.125412	-0.100000	131
4874.391529	317.583862	1.126022	-0.100000	133
4876.428502	317.587494	1.124293	-0.100000	135
4878.465002	317.559448	1.122961	-0.100000	137
4880.501221	317.505920	1.121624	-0.100000	139
4882.538150	317.411407	1.120675	-0.100000	141
4884.574703	317.296997	1.118632	-0.100000	143
4886.610934	317.208069	1.117775	-0.100000	145
