crossing time (s)	slope (V/s)	crossing number
8681.001350	3.195163	6844
8682.050885	3.150758	6845
8683.038546	3.261779	6846
8684.085807	3.109686	6847
8685.078696	3.571393	6848
8686.122283	3.448882	6849
8687.116920	3.749260	6850
8688.158394	3.763433	6851
8689.153396	3.612685	6852
8690.199383	3.651130	6853
8691.191053	3.660069	6854
8692.241790	3.408565	6855
8693.227253	3.745744	6856
8694.284695	3.266799	6857
8695.262186	3.541670	6858
8696.321103	3.468323	6859
8697.300802	3.295585	6860
8698.354580	3.560184	6861
8699.349306	3.888625	6862
8700.389734	3.589584	6863
8701.391514	3.995642	6864
8702.424673	3.519481	6865
8703.430089	4.043121	6866
8704.465081	4.180452	6867
8705.459126	4.529919	6868
8706.512132	4.171286	6869
8707.492755	4.788067	6870
8708.552652	3.956253	6871
8709.529930	4.048226	6872
8710.582665	4.535942	6873
8711.576319	3.801154	6874
8712.613396	4.398296	6875
8713.619860	4.450168	6876
8714.649466	4.441694	6877
8715.658645	4.268969	6878
8716.690106	4.029403	6879
8717.695019	3.999309	6880
8718.729732	4.099125	6881
8719.728284	4.099134	6882
8720.771158	4.398479	6883
8721.764075	4.404407	6884
8722.811364	4.281660	6885
8723.801373	4.673971	6886
8724.850198	3.924425	6887
8725.838529	4.777527	6888
8726.886900	3.721473	6889
8727.877979	4.552010	6890
8728.922019	3.872471	6891
8729.919290	4.434174	6892
8730.956236	4.283650	6893
8731.958074	4.499822	6894
8732.991983	4.739251	6895
8733.997455	4.828201	6896
8735.027351	4.856695	6897
8736.037185	5.110569	6898
8737.068632	4.484420	6899
8738.069984	5.351881	6900
8739.112758	4.181290	6901
8740.103774	5.003657	6902
8741.153992	4.818645	6903
8742.136988	4.670820	6904
8743.192406	4.969033	6905
8744.174797	4.919157	6906
8745.225545	4.707587	6907
8746.219947	4.812656	6908
8747.255590	4.584282	6909
8748.262115	4.587356	6910
8749.291959	4.717326	6911
8750.299282	5.088300	6912
8751.331049	4.934669	6913
8752.334434	5.352841	6914
8753.372943	4.594793	6915
8754.367808	5.357229	6916
8755.414818	4.470411	6917
8756.404297	4.868496	6918
8757.455239	4.821230	6919
8758.439518	4.784198	6920
8759.494550	4.856408	6921
8760.476473	5.023109	6922
8761.531423	4.718674	6923
8762.512071	5.316792	6924
8763.569528	4.584766	6925
8764.550142	5.187662	6926
8765.607173	4.423402	6927
8766.587780	4.743812	6928
8767.642386	4.686436	6929
8768.627558	4.407928	6930
8769.678132	4.687966	6931
8770.666727	4.670729	6932
8771.712501	4.821058	6933
8772.709343	5.270055	6934
8773.746120	4.747515	6935
8774.750339	5.345083	6936
8775.781025	4.592201	6937
8776.790300	5.104270	6938
8777.818734	4.947930	6939
8778.827594	5.228453	6940
8779.858581	5.397476	6941
8780.860986	5.337714	6942
8781.899856	5.391733	6943
8782.892200	5.558594	6944
8783.942434	5.015694	6945
8784.926685	5.483779	6946
8785.981292	5.012445	6947
8786.965414	4.872739	6948
8788.015291	5.174604	6949
8789.005039	4.748992	6950
8790.048364	5.382556	6951
8791.047248	5.377071	6952
8792.081657	5.530497	6953
8793.087199	5.836664	6954
8794.117355	5.294124	6955
8795.125227	5.518148	6956
8796.153282	4.990995	6957
8797.160977	5.162620	6958
8798.188617	4.887506	6959
8799.199351	4.674838	6960
8800.225382	4.701852	6961
8801.234401	4.687369	6962
8802.260869	4.715285	6963
8803.271313	4.852107	6964
8804.296130	4.754062	6965
8805.306332	4.968133	6966
8806.334492	4.858162	6967
8807.342119	4.963785	6968
8808.370896	4.981278	6969
8809.376718	4.906024	6970
8810.408920	5.242912	6971
8811.409634	4.988243	6972
8812.447926	5.210396	6973
8813.442118	4.878670	6974
8814.488337	4.705757	6975
8815.476409	4.815463	6976
8816.526748	4.737221	6977
8817.511105	4.881600	6978
8818.562387	5.157523	6979
8819.548852	4.908140	6980
8820.595509	5.135667	6981
8821.588221	5.099678	6982
8822.628804	5.044060	6983
8823.629283	4.976323	6984
8824.661101	5.002153	6985
8825.668657	4.891706	6986
8826.695984	4.898296	6987
8827.704126	4.912136	6988
8828.731636	5.039648	6989
8829.738817	4.978163	6990
8830.770605	5.036885	6991
8831.772057	4.986419	6992
8832.809124	4.823891	6993
8833.805934	5.055053	6994
8834.846544	4.699922	6995
8835.841712	4.989577	6996
8836.884997	4.679129	6997
8837.877562	4.945759	6998
8838.919961	4.744846	6999
8839.914618	4.838660	7000
8840.958101	4.739962	7001
8841.951619	4.745942	7002
8842.993694	4.766074	7003
8843.988740	4.712529	7004
8845.027365	4.747190	7005
8846.026727	4.627975	7006
8847.060970	4.802610	7007
8848.065566	4.790496	7008
8849.096313	4.760919	7009
8850.102778	4.838727	7010
8851.129886	4.777165	7011
8852.140222	4.870873	7012
8853.167349	4.777962	7013
8854.174919	4.801855	7014
8855.208844	4.677922	7015
8856.206119	4.772521	7016
8857.248146	4.921376	7017
8858.239214	5.021363	7018
8859.289725	4.893931	7019
8860.272093	4.643622	7020
8861.324157	4.869582	7021
8862.306135	4.920134	7022
8863.362393	4.596987	7023
8864.343435	4.483661	7024
8865.398148	4.789451	7025
8866.383344	4.543826	7026
8867.428683	4.749375	7027
8868.421169	4.748663	7028
8869.461622	4.776767	7029
8870.460615	4.685965	7030
8871.496464	4.700961	7031
8872.498937	4.663318	7032
8873.532171	4.547733	7033
8874.534480	4.681077	7034
8875.568042	4.515391	7035
8876.571493	4.739039	7036
8877.603428	4.486290	7037
8878.608165	4.622053	7038
8879.639736	4.501510	7039
8880.643994	4.627115	7040
8881.677372	4.534407	7041
8882.677071	4.657865	7042
8883.716312	4.532798	7043
8884.711313	4.659639	7044
8885.754492	4.537194	7045
8886.744538	4.617607	7046
8887.792515	4.550855	7047
8888.776959	4.573568	7048
8889.831133	4.507798	7049
8890.812586	4.502885	7050
8891.866843	4.509623	7051
8892.848976	4.471105	7052
8893.902260	4.521267	7053
8894.888796	4.447817	7054
8895.936038	4.478058	7055
8896.928714	4.431862	7056
8897.968732	4.586146	7057
8898.968504	4.052020	7058
8900.002022	4.586333	7059
8901.005948	4.412884	7060
8902.036929	4.548962	7061
8903.043170	4.449627	7062
8904.072090	4.517338	7063
8905.080931	4.533647	7064
