time (s)	coil I (A)	last det (V)	int current (uC)
5347.537880	1.229081	0.314028	529.733826
5347.538744	1.717460	0.314028	2013.618896
5347.539883	1.690162	0.314028	3938.713867
5347.540807	1.640782	0.314028	5454.796875
5347.541687	1.596002	0.314028	6859.278809
5347.542721	1.545959	0.314028	8457.800781
5347.543721	1.497539	0.314028	9955.339844
5347.544614	0.886384	0.314028	10746.880859
5347.545469	0.102645	0.314028	10834.642578
5347.546567	0.090729	0.314028	10934.262695
5347.547466	0.090630	0.314028	11015.739258
5347.548331	0.090652	0.314028	11094.153320
5347.549328	0.090784	0.314028	11184.665039
5347.550328	0.090630	0.314028	11275.294922
5347.551226	0.090714	0.314028	11356.755859
5347.552088	0.090710	0.314028	11434.948242
5347.553186	0.090795	0.314028	11534.640625
5347.554106	0.090729	0.314028	11618.111328
5348.572130	1.231018	0.322850	569.961365
5348.573229	1.722451	0.322850	2462.935059
5348.574131	1.688936	0.322850	3986.354980
5348.574997	1.643005	0.322850	5409.197754
5348.576027	1.590418	0.322850	7047.327637
5348.576995	1.543334	0.322850	8541.274414
5348.577872	1.501520	0.322850	9858.107422
5348.578748	0.946465	0.322850	10687.210937
5348.579859	0.095288	0.322850	10793.076172
5348.580745	0.090604	0.322850	10873.351562
5348.581606	0.090619	0.322850	10951.374023
5348.582681	0.090798	0.322850	11048.982422
5348.583649	0.090619	0.322850	11136.701172
5348.584528	0.090626	0.322850	11216.361328
5348.585387	0.090736	0.322850	11294.303711
5348.586490	0.090674	0.322850	11394.317383
5348.587372	0.090612	0.322850	11474.236328
5348.588247	0.090732	0.322850	11553.626953
5349.574075	1.189556	0.355113	504.371582
5349.575006	1.715958	0.355113	2101.928711
5349.576088	1.690419	0.355113	3930.961914
5349.577033	1.640797	0.355113	5481.515137
5349.577898	1.595537	0.355113	6861.654785
5349.578932	1.544645	0.355113	8458.817383
5349.579972	1.495584	0.355113	10014.224609
5349.580866	0.810630	0.355113	10738.927734
5349.581827	0.098108	0.355113	10833.208984
5349.582891	0.090721	0.355113	10929.736328
5349.583804	0.090692	0.355113	11012.538086
5349.584676	0.090699	0.355113	11091.627930
5349.585720	0.090692	0.355113	11186.310547
5349.586711	0.090685	0.355113	11276.179687
5349.587599	0.090736	0.355113	11356.752930
5349.588566	0.090864	0.355113	11444.619141
5349.589641	0.090806	0.355113	11542.235352
5349.590548	0.090648	0.355113	11624.453125
5350.609925	1.282566	0.346577	640.000427
5350.610798	1.721136	0.346577	2142.552490
5350.611770	1.694908	0.346577	3790.003418
5350.612835	1.638970	0.346577	5535.506348
5350.613753	1.591923	0.346577	6996.891602
5350.614631	1.547311	0.346577	8355.430664
5350.615733	1.496162	0.346577	10004.201172
5350.616743	0.641982	0.346577	10652.603516
5350.617636	0.093065	0.346577	10735.710937
5350.618635	0.090787	0.346577	10826.407227
5350.619696	0.090780	0.346577	10922.724609
5350.620584	0.090648	0.346577	11003.219727
5350.621469	0.090780	0.346577	11083.559570
5350.622569	0.090798	0.346577	11183.437500
5350.623523	0.090707	0.346577	11269.971680
5350.624390	0.090656	0.346577	11348.570312
5350.625419	0.090791	0.346577	11441.994141
5350.626442	0.090688	0.346577	11534.768555
5351.612433	1.272942	0.364294	646.654480
5351.613382	1.723022	0.364294	2281.802734
5351.614248	1.696044	0.364294	3750.576660
5351.615299	1.640548	0.364294	5474.792969
5351.616355	1.586847	0.364294	7150.502930
5351.617248	1.543041	0.364294	8528.438477
5351.618182	1.498590	0.364294	9928.121094
5351.619246	0.667625	0.364294	10638.473633
5351.620189	0.092307	0.364294	10725.519531
5351.621054	0.090740	0.364294	10804.009766
5351.622096	0.090681	0.364294	10898.500000
5351.623111	0.090648	0.364294	10990.507812
5351.623996	0.090645	0.364294	11070.728516
5351.624951	0.090718	0.364294	11157.364258
5351.625995	0.090769	0.364294	11252.126953
5351.626908	0.090707	0.364294	11334.942383
5351.627767	0.090743	0.364294	11412.890625
5351.628836	0.090758	0.364294	11509.911133
5352.647098	1.188329	0.367089	500.286438
5352.648032	1.715522	0.367089	2102.584473
5352.649104	1.690419	0.367089	3914.713379
5352.650053	1.640442	0.367089	5471.492676
5352.650918	1.595797	0.367089	6851.857422
5352.651980	1.543982	0.367089	8491.566406
5352.652993	1.496049	0.367089	10007.063477
5352.653886	0.820572	0.367089	10739.834961
5352.654837	0.098668	0.367089	10833.667969
5352.655880	0.090670	0.367089	10928.237305
5352.656810	0.090612	0.367089	11012.505859
5352.657669	0.090681	0.367089	11090.401367
5352.658728	0.090795	0.367089	11186.552734
5352.659736	0.090692	0.367089	11277.970703
5352.660613	0.090677	0.367089	11357.495117
5352.661581	0.090784	0.367089	11445.374023
5352.662645	0.090736	0.367089	11541.916992
5352.663545	0.090677	0.367089	11623.526367
5353.649651	1.272015	0.381825	599.119202
5353.650531	1.720166	0.381825	2112.865234
5353.651522	1.694868	0.381825	3792.479492
5353.652586	1.639340	0.381825	5536.736816
5353.653491	1.592010	0.381825	6977.506348
5353.654354	1.548087	0.381825	8313.505859
5353.655447	1.498224	0.381825	9951.064453
5353.656444	0.726405	0.381825	10675.290039
5353.657316	0.095138	0.381825	10758.250000
5353.658332	0.090773	0.381825	10850.474609
5353.659393	0.090699	0.381825	10946.707031
5353.660265	0.090721	0.381825	11025.816406
5353.661151	0.090732	0.381825	11106.205078
5353.662239	0.090780	0.381825	11204.973633
5353.663194	0.090659	0.381825	11291.552734
5353.664062	0.090670	0.381825	11370.254883
5353.665072	0.090820	0.381825	11461.983398
5353.666119	0.090754	0.381825	11557.002930
5354.685962	1.262120	0.377978	631.060181
5354.686841	1.721041	0.377978	2143.855469
5354.687732	1.696754	0.377978	3655.663330
5354.688837	1.639959	0.377978	5467.817383
5354.689798	1.590919	0.377978	6996.690430
5354.690669	1.548003	0.377978	8345.000977
5354.691723	1.498510	0.377978	9924.429687
5354.692762	0.681573	0.377978	10632.583984
5354.693645	0.093805	0.377978	10715.414062
5354.694598	0.090707	0.377978	10801.857422
5354.695638	0.090681	0.377978	10896.166016
5354.696562	0.090615	0.377978	10979.894531
5354.697423	0.090630	0.377978	11057.926758
5354.698490	0.090773	0.377978	11154.781250
5354.699509	0.090714	0.377978	11247.218750
5354.700386	0.090659	0.377978	11326.726562
5354.701368	0.090773	0.377978	11415.865234
5354.702427	0.090740	0.377978	11511.958984
5355.686843	1.190654	0.401205	502.456116
5355.687793	1.715512	0.401205	2132.192139
5355.688849	1.689800	0.401205	3916.620605
5355.689788	1.640720	0.401205	5457.256836
5355.690658	1.595175	0.401205	6845.058594
5355.691698	1.544692	0.401205	8451.539062
5355.692723	1.496103	0.401205	9985.044922
5355.693619	0.835957	0.401205	10734.062500
5355.694577	0.098884	0.401205	10828.793945
5355.695636	0.090729	0.401205	10924.875977
5355.696559	0.090663	0.401205	11008.557617
5355.697420	0.090692	0.401205	11086.643555
5355.698505	0.090798	0.401205	11185.160156
5355.699486	0.090707	0.401205	11274.143555
5355.700373	0.090656	0.401205	11354.554687
5355.701359	0.090751	0.401205	11444.035156
5355.702392	0.090769	0.401205	11537.799805
5355.703286	0.090707	0.401205	11618.891602
5356.725275	1.284020	0.391751	648.429932
5356.726230	1.722634	0.391751	2293.545654
5356.727094	1.694689	0.391751	3757.756836
5356.728140	1.640478	0.391751	5473.697266
5356.729181	1.587411	0.391751	7126.191895
5356.730068	1.543726	0.391751	8495.476562
5356.731015	1.499282	0.391751	9915.296875
5356.732063	0.702455	0.391751	10651.469727
5356.732997	0.093040	0.391751	10738.369141
5356.733853	0.090688	0.391751	10815.998047
5356.734903	0.090798	0.391751	10911.335937
5356.735928	0.090674	0.391751	11004.276367
5356.736802	0.090663	0.391751	11083.515625
5356.737743	0.090765	0.391751	11168.925781
5356.738794	0.090813	0.391751	11264.370117
5356.739719	0.090696	0.391751	11348.263672
5356.740585	0.090699	0.391751	11426.809570
5356.741655	0.090729	0.391751	11523.889648
5357.725696	1.260542	0.403376	621.447205
5357.726581	1.720345	0.403376	2143.952881
5357.727502	1.695608	0.403376	3705.607910
5357.728589	1.639600	0.403376	5487.852539
5357.729531	1.591403	0.403376	6986.954102
5357.730392	1.548435	0.403376	8320.156250
5357.731435	1.499062	0.403376	9883.678711
5357.732472	0.719414	0.403376	10629.710937
5357.733359	0.094618	0.403376	10713.636719
5357.734328	0.090656	0.403376	10801.481445
5357.735367	0.090710	0.403376	10895.729492
5357.736298	0.090615	0.403376	10980.091797
5357.737163	0.090696	0.403376	11058.543945
5357.738225	0.090645	0.403376	11154.808594
5357.739229	0.090659	0.403376	11245.830078
5357.740122	0.090681	0.403376	11326.808594
5357.741088	0.090846	0.403376	11414.565430
5357.742139	0.090696	0.403376	11509.886719
5358.766524	1.189651	0.394518	504.411987
5358.767472	1.714860	0.394518	2130.098877
5358.768553	1.689001	0.394518	3955.909424
5358.769484	1.639907	0.394518	5482.663086
5358.770346	1.594530	0.394518	6857.147949
5358.771407	1.543484	0.394518	8494.784180
5358.772434	1.495159	0.394518	10030.312500
5358.773317	0.806089	0.394518	10742.088867
5358.774286	0.097361	0.394518	10836.431641
5358.775340	0.090663	0.394518	10931.990234
5358.776250	0.090608	0.394518	11014.443359
5358.777117	0.090645	0.394518	11093.032227
5358.778201	0.090740	0.394518	11191.394531
5358.779195	0.090729	0.394518	11281.579102
5358.780092	0.090667	0.394518	11362.907227
5358.781074	0.090762	0.394518	11452.035156
5358.782136	0.090780	0.394518	11548.443359
5358.783036	0.090626	0.394518	11630.006836
5359.763389	1.191947	0.379057	506.577454
5359.764390	1.718782	0.379057	2227.077881
5359.765432	1.688954	0.379057	3986.967773
5359.766313	1.641174	0.379057	5432.842285
5359.767196	1.594351	0.379057	6840.653809
5359.768308	1.542056	0.379057	8555.419922
5359.769259	1.496997	0.379057	9979.064453
5359.770129	0.892042	0.379057	10755.141602
5359.771165	0.096628	0.379057	10855.249023
5359.772195	0.090740	0.379057	10948.710937
5359.773072	0.090692	0.379057	11028.248047
5359.773998	0.090743	0.379057	11112.276367
5359.775072	0.090751	0.379057	11209.742187
5359.776015	0.090656	0.379057	11295.230469
5359.776881	0.090619	0.379057	11373.706055
5359.777912	0.090758	0.379057	11467.277344
5359.778935	0.090696	0.379057	11560.059570
5359.779824	0.090619	0.379057	11640.620117
5360.809955	1.256620	0.379915	578.045166
5360.810854	1.719979	0.379915	2124.306641
5360.811722	1.697886	0.379915	3598.071533
5360.812739	1.646708	0.379915	5272.773437
5360.813669	1.598895	0.379915	6759.746094
5360.814544	1.555269	0.379915	8120.605957
5360.815561	1.507335	0.379915	9653.566406
5360.816460	1.147068	0.379915	10684.780273
5360.817383	0.128511	0.379915	10803.395508
5360.818249	0.090571	0.379915	10881.830078
5360.819249	0.090667	0.379915	10972.496094
5360.820172	0.090681	0.379915	11056.194336
5360.821029	0.090667	0.379915	11133.895508
5360.822057	0.090710	0.379915	11227.145508
5360.822959	0.090652	0.379915	11308.913086
5360.823870	0.090663	0.379915	11391.506836
5360.824744	0.090645	0.379915	11470.730469
5360.825671	0.090677	0.379915	11554.788086
5361.800633	1.187772	0.356241	501.239838
5361.801620	1.716526	0.356241	2195.450928
5361.802551	1.693641	0.356241	3772.230957
5361.803473	1.645675	0.356241	5289.543457
5361.804360	1.599258	0.356241	6708.084961
5361.805406	1.548501	0.356241	8327.816406
5361.806304	1.505903	0.356241	9680.117187
5361.807182	1.159109	0.356241	10697.814453
5361.808163	0.135271	0.356241	10830.515625
5361.809119	0.090641	0.356241	10917.167969
5361.810040	0.090619	0.356241	11000.627930
5361.810908	0.090685	0.356241	11079.342773
5361.811943	0.090681	0.356241	11173.198242
5361.812822	0.090703	0.356241	11252.926758
5361.813683	0.090663	0.356241	11330.987305
5361.814582	0.090732	0.356241	11412.555664
5361.815613	0.090652	0.356241	11506.017578
5361.816508	0.090667	0.356241	11587.164062
5362.853307	1.194855	0.375984	507.813263
5362.854260	1.715698	0.375984	2142.873779
5362.855291	1.691034	0.375984	3886.329834
5362.856187	1.643302	0.375984	5358.728516
5362.857053	1.598170	0.375984	6742.744141
5362.858134	1.546161	0.375984	8414.144531
5362.859067	1.501622	0.375984	9815.158203
5362.859945	1.040548	0.375984	10728.759766
5362.860911	0.116199	0.375984	10841.007812
5362.861946	0.090692	0.375984	10934.874023
5362.862824	0.090652	0.375984	11014.466797
5362.863680	0.090677	0.375984	11092.086914
5362.864701	0.090831	0.375984	11184.825195
5362.865658	0.090641	0.375984	11271.568359
5362.866535	0.090641	0.375984	11351.060547
5362.867461	0.090758	0.375984	11435.102539
5362.868515	0.090630	0.375984	11530.625977
5362.869411	0.090703	0.375984	11611.895508
5363.832761	1.190369	0.342871	507.097046
5363.833625	1.715808	0.342871	1989.555298
5363.834712	1.692982	0.342871	3829.826904
5363.835639	1.643752	0.342871	5353.585449
5363.836514	1.598650	0.342871	6752.404297
5363.837478	1.551925	0.342871	8248.459961
5363.838517	1.502230	0.342871	9809.277344
5363.839407	1.029518	0.342871	10725.547852
5363.840262	0.115895	0.342871	10824.637695
5363.841297	0.090645	0.342871	10918.455078
5363.842251	0.090696	0.342871	11004.978516
5363.843123	0.090619	0.342871	11083.998047
5363.844044	0.090732	0.342871	11167.562500
5363.845101	0.090688	0.342871	11263.419922
5363.845995	0.090670	0.342871	11344.479492
5363.846910	0.090688	0.342871	11427.458984
5363.847979	0.090754	0.342871	11524.475586
5363.848925	0.090634	0.342871	11610.214844
5364.893115	1.201069	0.386038	510.454468
5364.894193	1.720540	0.386038	2365.196289
5364.895207	1.684457	0.386038	4073.235352
5364.896101	1.637739	0.386038	5537.374023
5364.897080	1.588264	0.386038	7092.284668
5364.898131	1.537185	0.386038	8707.866211
5364.899044	1.493313	0.386038	10071.260742
5364.899919	0.765502	0.386038	10741.074219
5364.901036	0.092000	0.386038	10843.837891
5364.902013	0.090696	0.386038	10932.447266
5364.902879	0.090652	0.386038	11010.952148
5364.903972	0.090743	0.386038	11110.134766
5364.905000	0.090714	0.386038	11203.388672
5364.905888	0.090667	0.386038	11283.900391
5364.906820	0.090802	0.386038	11368.528320
5364.907876	0.090846	0.386038	11464.461914
5364.908813	0.090729	0.386038	11549.474609
5364.909672	0.090674	0.386038	11627.363281
5365.868043	1.267390	0.354166	634.962463
5365.868939	1.720869	0.354166	2176.861084
5365.869799	1.696582	0.354166	3635.921631
5365.870878	1.641423	0.354166	5407.017578
5365.871870	1.590531	0.354166	6984.824219
5365.872763	1.547135	0.354166	8366.416016
5365.873765	1.499612	0.354166	9869.027344
5365.874834	0.711775	0.354166	10629.915039
5365.875718	0.093988	0.354166	10713.000000
5365.876602	0.090681	0.354166	10793.162109
5365.877692	0.090747	0.354166	10892.076172
5365.878649	0.090630	0.354166	10978.808594
5365.879513	0.090637	0.354166	11057.119141
5365.880547	0.090853	0.354166	11151.061523
5365.881583	0.090619	0.354166	11244.942383
5365.882477	0.090692	0.354166	11326.021484
5365.883411	0.090773	0.354166	11410.802734
5365.884468	0.090743	0.354166	11506.718750
5366.931450	1.257506	0.406369	613.662964
5366.932334	1.720162	0.406369	2134.286377
5366.933273	1.695432	0.406369	3726.297119
5366.934330	1.640171	0.406369	5459.958008
5366.935267	1.592270	0.406369	6951.915527
5366.936131	1.549164	0.406369	8290.392578
5366.937183	1.499985	0.406369	9868.376953
5366.938214	0.759474	0.406369	10651.394531
5366.939091	0.095563	0.406369	10735.203125
5366.940048	0.090732	0.406369	10822.034180
5366.941117	0.090809	0.406369	10919.109375
5366.942028	0.090710	0.406369	11001.747070
5366.942897	0.090721	0.406369	11080.583984
5366.943937	0.090842	0.406369	11175.059570
5366.944951	0.090667	0.406369	11266.995117
5366.945841	0.090674	0.406369	11347.695312
5366.946799	0.090762	0.406369	11434.645508
5366.947852	0.090718	0.406369	11530.170898
5367.904265	1.272587	0.370711	638.838501
5367.905193	1.721668	0.370711	2236.545898
5367.906062	1.695571	0.370711	3709.997314
5367.907132	1.639984	0.370711	5464.780273
5367.908154	1.587986	0.370711	7087.701660
5367.909046	1.544161	0.370711	8465.093750
5367.910020	1.498817	0.370711	9924.941406
5367.911089	0.664596	0.370711	10635.394531
5367.912018	0.092421	0.370711	10721.252930
5367.912879	0.090699	0.370711	10799.344727
5367.913953	0.090842	0.370711	10896.909180
5367.914945	0.090670	0.370711	10986.853516
5367.915825	0.090692	0.370711	11066.662109
5367.916818	0.090754	0.370711	11156.781250
5367.917860	0.090747	0.370711	11251.339844
5367.918754	0.090677	0.370711	11332.405273
5367.919610	0.090725	0.370711	11410.066406
5367.920703	0.090795	0.370711	11509.304687
5368.967684	1.260901	0.416682	626.667725
5368.968585	1.720840	0.416682	2177.144531
5368.969451	1.695864	0.416682	3645.762939
5368.970545	1.640087	0.416682	5440.017578
5368.971543	1.588857	0.416682	7025.697266
5368.972439	1.545630	0.416682	8410.582031
5368.973431	1.498894	0.416682	9897.485352
5368.974491	0.698459	0.416682	10637.852539
5368.975384	0.093318	0.416682	10721.185547
5368.976254	0.090685	0.416682	10800.081055
5368.977359	0.090740	0.416682	10900.348633
5368.978328	0.090667	0.416682	10988.204102
5368.979192	0.090619	0.416682	11066.499023
5368.980224	0.090787	0.416682	11160.191406
5368.981270	0.090714	0.416682	11255.078125
5368.982162	0.090604	0.416682	11335.897461
5368.983103	0.090688	0.416682	11421.235352
5368.984165	0.090714	0.416682	11517.574219
5369.946043	1.199806	0.401382	506.318115
5369.947139	1.719968	0.401382	2391.403320
5369.948135	1.685193	0.401382	4069.855469
5369.949013	1.638424	0.401382	5508.391602
5369.949999	1.587781	0.401382	7073.943359
5369.951070	1.536566	0.401382	8719.605469
5369.951960	1.493818	0.401382	10049.103516
5369.952833	0.771097	0.401382	10722.271484
5369.953935	0.092428	0.401382	10824.126953
5369.954897	0.090597	0.401382	10911.281250
5369.955763	0.090648	0.401382	10989.782227
5369.956789	0.090762	0.401382	11082.903320
5369.957821	0.090740	0.401382	11176.546875
5369.958709	0.090670	0.401382	11257.061523
5369.959606	0.090729	0.401382	11338.445312
5369.960690	0.090795	0.401382	11436.867187
5369.961641	0.090692	0.401382	11523.115234
5369.962503	0.090637	0.401382	11601.244141
5371.002337	1.248845	0.423812	568.224548
5371.003219	1.718463	0.423812	2083.909180
5371.004249	1.693583	0.423812	3828.299316
5371.005132	1.644686	0.423812	5280.557129
5371.006047	1.598298	0.423812	6743.000000
5371.006929	1.552983	0.423812	8112.731445
5371.007987	1.504545	0.423812	9704.540039
5371.008892	1.093575	0.423812	10694.225586
5371.009770	0.123285	0.423812	10802.469727
5371.010765	0.090681	0.423812	10892.697266
5371.011694	0.090692	0.423812	10976.950195
5371.012616	0.090626	0.423812	11060.507812
5371.013476	0.090681	0.423812	11138.493164
5371.014518	0.090710	0.423812	11233.013672
5371.015400	0.090612	0.423812	11312.932617
5371.016264	0.090718	0.423812	11391.312500
5371.017229	0.090802	0.423812	11478.936523
5371.018174	0.090637	0.423812	11564.588867
5371.987936	1.240690	0.415119	555.828979
5371.988824	1.718291	0.415119	2081.671387
5371.989692	1.700215	0.415119	3557.457764
5371.990707	1.647341	0.415119	5229.509277
5371.991627	1.599111	0.415119	6700.691406
5371.992545	1.554397	0.415119	8127.627930
5371.993421	1.511378	0.415119	9451.595703
5371.994473	1.122206	0.415119	10632.156250
5371.995374	0.124376	0.415119	10744.218750
5371.996245	0.090604	0.415119	10823.134766
5371.997227	0.090729	0.415119	10912.230469
5371.998167	0.090623	0.415119	10997.416016
5371.999090	0.090688	0.415119	11081.121094
5371.999954	0.090696	0.415119	11159.482422
5372.000995	0.090677	0.415119	11253.877930
5372.001878	0.090670	0.415119	11333.939453
5372.002740	0.090663	0.415119	11412.090820
5372.003658	0.090747	0.415119	11495.396484
5373.036473	1.200150	0.425097	508.863647
5373.037526	1.720470	0.425097	2320.518555
5373.038426	1.691763	0.425097	3843.104980
5373.039307	1.645393	0.425097	5292.696289
5373.040248	1.597313	0.425097	6795.768066
5373.041256	1.547853	0.425097	8356.003906
5373.042182	1.503882	0.425097	9748.598633
5373.043054	1.120287	0.425097	10725.488281
5373.044082	0.111398	0.425097	10840.004883
5373.044975	0.090582	0.425097	10920.894531
5373.045839	0.090637	0.425097	10999.205078
5373.046704	0.090648	0.425097	11077.616211
5373.047758	0.090597	0.425097	11173.105469
5373.048651	0.090648	0.425097	11254.054687
5373.049521	0.090670	0.425097	11332.937500
5373.050519	0.090703	0.425097	11423.458984
5373.051446	0.090608	0.425097	11507.452148
5373.052319	0.090590	0.425097	11586.537109
5374.030840	1.260293	0.408851	594.858276
5374.031719	1.718943	0.408851	2105.809082
5374.032580	1.699153	0.408851	3568.779785
5374.033631	1.645023	0.408851	5297.699219
5374.034575	1.596273	0.408851	6804.581055
5374.035445	1.553269	0.408851	8155.924805
5374.036375	1.508529	0.408851	9558.856445
5374.037462	0.987920	0.408851	10632.725586
5374.038336	0.108593	0.408851	10727.635742
5374.039202	0.090652	0.408851	10806.140625
5374.040234	0.090699	0.408851	10899.742187
5374.041189	0.090626	0.408851	10986.290039
5374.042060	0.090623	0.408851	11065.222656
5374.042975	0.090667	0.408851	11148.182617
5374.044047	0.090710	0.408851	11245.423828
5374.044941	0.090597	0.408851	11326.417969
5374.045801	0.090634	0.408851	11404.363281
5374.046834	0.090787	0.408851	11498.146484
5375.072192	1.197294	0.413834	510.047089
5375.073178	1.715530	0.413834	2201.559326
5375.074189	1.688826	0.413834	3908.961914
5375.075081	1.642123	0.413834	5373.735352
5375.075944	1.596211	0.413834	6751.265625
5375.077055	1.543759	0.413834	8466.380859
5375.077980	1.499487	0.413834	9853.406250
5375.078867	0.984825	0.413834	10726.946289
5375.079854	0.107322	0.413834	10832.873047
5375.080847	0.090498	0.413834	10922.737305
5375.081733	0.090564	0.413834	11002.976562
5375.082591	0.090571	0.413834	11080.686523
5375.083657	0.090634	0.413834	11177.301758
5375.084578	0.090590	0.413834	11260.734375
5375.085439	0.090564	0.413834	11338.709961
5375.086506	0.090732	0.413834	11435.521484
5375.087514	0.090593	0.413834	11526.839844
5375.088387	0.090601	0.413834	11605.934570
5376.071611	1.195096	0.391150	507.915955
5376.072475	1.715383	0.391150	1990.007080
5376.073557	1.692279	0.391150	3821.052979
5376.074499	1.642244	0.391150	5368.046387
5376.075382	1.597240	0.391150	6778.409180
5376.076357	1.549904	0.391150	8289.565430
5376.077368	1.501509	0.391150	9807.590820
5376.078255	1.032140	0.391150	10723.098633
5376.079112	0.116199	0.391150	10822.680664
5376.080190	0.090681	0.391150	10920.434570
5376.081114	0.090677	0.391150	11004.220703
5376.081978	0.090619	0.391150	11082.515625
5376.082933	0.090721	0.391150	11169.154297
5376.083964	0.090645	0.391150	11262.608398
5376.084857	0.090648	0.391150	11343.557617
5376.085720	0.090663	0.391150	11421.799805
5376.086782	0.090725	0.391150	11518.149414
5376.087720	0.090615	0.391150	11603.146484
5377.107402	1.218409	0.402562	532.444946
5377.108280	1.717042	0.402562	2040.008057
5377.109300	1.693931	0.402562	3767.817383
5377.110345	1.639636	0.402562	5481.237305
5377.111244	1.592948	0.402562	6913.297363
5377.112120	1.548043	0.402562	8269.382812
5377.113234	1.497210	0.402562	9937.274414
5377.114188	0.804869	0.402562	10705.120117
5377.115050	0.097943	0.402562	10789.546875
5377.116090	0.090765	0.402562	10883.943359
5377.117116	0.090681	0.402562	10976.982422
5377.117992	0.090648	0.402562	11056.390625
5377.118885	0.090656	0.402562	11137.345703
5377.119961	0.090681	0.402562	11234.918945
5377.120908	0.090634	0.402562	11320.749023
5377.121776	0.090663	0.402562	11399.444336
5377.122811	0.090707	0.402562	11493.326172
5377.123831	0.090656	0.402562	11585.794922
5378.110441	1.248633	0.389893	583.111511
5378.111320	1.718826	0.389893	2093.959229
5378.112181	1.699197	0.389893	3556.967529
5378.113258	1.643822	0.389893	5327.363770
5378.114207	1.595112	0.389893	6841.125488
5378.115093	1.551251	0.389893	8215.534180
5378.116036	1.507126	0.389893	9636.753906
5378.117079	0.970265	0.389893	10648.740234
5378.117975	0.106183	0.389893	10743.879883
5378.118837	0.090699	0.389893	10822.062500
5378.119902	0.090743	0.389893	10918.704102
5378.120843	0.090667	0.389893	11004.021484
5378.121719	0.090696	0.389893	11083.470703
5378.122660	0.090762	0.389893	11168.877930
5378.123719	0.090725	0.389893	11264.956055
5378.124602	0.090692	0.389893	11345.037109
5378.125467	0.090718	0.389893	11423.507812
5378.126505	0.090718	0.389893	11517.672852
5379.143181	1.271049	0.407288	641.879517
5379.144110	1.721155	0.407288	2240.832275
5379.144976	1.694762	0.407288	3708.496094
5379.146027	1.640387	0.407288	5432.542969
5379.147043	1.588436	0.407288	7046.394043
5379.147936	1.544561	0.407288	8425.686523
5379.148898	1.499630	0.407288	9868.331055
5379.149944	0.740123	0.407288	10642.500000
5379.150864	0.093962	0.407288	10728.945312
5379.151724	0.090707	0.407288	10806.953125
5379.152816	0.090707	0.407288	10906.004883
5379.153809	0.090670	0.407288	10996.040039
5379.154682	0.090703	0.407288	11075.223633
5379.155665	0.090791	0.407288	11164.471680
5379.156706	0.090740	0.407288	11258.931641
5379.157612	0.090725	0.407288	11341.128906
5379.158469	0.090780	0.407288	11418.927734
5379.159526	0.090798	0.407288	11514.901367
5380.147639	1.185374	0.405829	497.856903
5380.148522	1.714351	0.405829	2011.628540
5380.149619	1.690345	0.405829	3865.937500
5380.150581	1.639874	0.405829	5443.496582
5380.151445	1.595471	0.405829	6821.983887
5380.152490	1.544377	0.405829	8435.858398
5380.153525	1.495635	0.405829	9983.840820
5380.154416	0.842032	0.405829	10734.091797
5380.155359	0.099672	0.405829	10828.082031
5380.156414	0.090710	0.405829	10923.781250
5380.157348	0.090659	0.405829	11008.457031
5380.158205	0.090681	0.405829	11086.170898
5380.159282	0.090817	0.405829	11183.980469
5380.160290	0.090784	0.405829	11275.490234
5380.161157	0.090630	0.405829	11354.066406
5380.162112	0.090813	0.405829	11440.792969
5380.163169	0.090751	0.405829	11536.716797
5380.164084	0.090659	0.405829	11619.669922
5381.181964	1.244806	0.427997	631.116577
5381.183035	1.720294	0.427997	2473.551758
5381.183963	1.684596	0.427997	4036.856934
5381.184835	1.637834	0.427997	5465.048828
5381.185905	1.583749	0.427997	7159.660156
5381.186917	1.534706	0.427997	8712.782227
5381.187814	1.492654	0.427997	10051.692383
5381.188796	0.660128	0.427997	10699.938477
5381.189841	0.091556	0.427997	10795.615234
5381.190750	0.090677	0.427997	10878.041016
5381.191609	0.090692	0.427997	10955.945312
5381.192705	0.090835	0.427997	11055.500000
5381.193675	0.090590	0.427997	11143.372070
5381.194561	0.090699	0.427997	11223.731445
5381.195583	0.090806	0.427997	11316.535156
5381.196632	0.090743	0.427997	11411.724609
5381.197506	0.090667	0.427997	11490.966797
5381.198383	0.090828	0.427997	11570.623047
5382.185527	1.328481	0.425492	721.365417
5382.186569	1.721118	0.425492	2514.770508
5382.187466	1.685863	0.425492	4026.989746
5382.188399	1.636439	0.425492	5553.787598
5382.189474	1.582317	0.425492	7254.778320
5382.190429	1.536247	0.425492	8721.894531
5382.191300	1.494441	0.425492	10023.552734
5382.192375	0.568290	0.425492	10634.463867
5382.193382	0.091029	0.425492	10726.129883
5382.194270	0.090626	0.425492	10806.606445
5382.195222	0.090740	0.425492	10892.990234
5382.196258	0.090824	0.425492	10987.083984
5382.197175	0.090710	0.425492	11070.265625
5382.198035	0.090688	0.425492	11148.257812
5382.199093	0.090787	0.425492	11244.310547
5382.200099	0.090685	0.425492	11335.539062
5382.200974	0.090732	0.425492	11414.929687
5382.201962	0.090780	0.425492	11504.620117
5383.218104	1.206742	0.444010	506.831604
5383.219208	1.719855	0.444010	2405.551270
5383.220189	1.685175	0.444010	4058.707520
5383.221057	1.638732	0.444010	5481.126465
5383.222138	1.584280	0.444010	7193.732910
5383.223176	1.534135	0.444010	8786.164062
5383.224074	1.491046	0.444010	10125.123047
5383.225021	0.676198	0.444010	10765.482422
5383.226082	0.091534	0.444010	10862.600586
5383.227006	0.090630	0.444010	10946.342773
5383.227866	0.090674	0.444010	11024.322266
5383.228917	0.090795	0.444010	11119.747070
5383.229939	0.090659	0.444010	11212.400391
5383.230815	0.090714	0.444010	11291.866211
5383.231776	0.090780	0.444010	11379.105469
5383.232828	0.090806	0.444010	11474.632812
5383.233750	0.090667	0.444010	11558.227539
5383.234609	0.090721	0.444010	11636.157227
5384.223214	1.261446	0.442830	590.356934
5384.224094	1.718976	0.442830	2103.055664
5384.225085	1.693352	0.442830	3781.167480
5384.226150	1.637087	0.442830	5524.665527
5384.227067	1.590399	0.442830	6983.061523
5384.227938	1.546242	0.442830	8329.837891
5384.229039	1.494968	0.442830	9975.797852
5384.230031	0.684580	0.442830	10654.901367
5384.230920	0.093812	0.442830	10738.300781
5384.231913	0.090802	0.442830	10828.466797
5384.232964	0.090806	0.442830	10923.903320
5384.233853	0.090659	0.442830	11004.499023
5384.234722	0.090751	0.442830	11083.361328
5384.235830	0.090769	0.442830	11183.933594
5384.236788	0.090604	0.442830	11270.732422
5384.237650	0.090751	0.442830	11348.959961
5384.238688	0.090784	0.442830	11443.193359
5384.239709	0.090703	0.442830	11535.800781
5385.254934	1.252830	0.457195	650.218567
5385.255993	1.719917	0.457195	2471.610596
5385.256918	1.684717	0.457195	4029.973633
5385.257793	1.637164	0.457195	5462.492187
5385.258888	1.582793	0.457195	7195.650391
5385.259895	1.533864	0.457195	8740.250977
5385.260797	1.491394	0.457195	10085.488281
5385.261776	0.616344	0.457195	10688.888672
5385.262829	0.091168	0.457195	10784.888672
5385.263731	0.090601	0.457195	10866.610352
5385.264592	0.090703	0.457195	10944.706055
5385.265683	0.090765	0.457195	11043.731445
5385.266638	0.090652	0.457195	11130.303711
5385.267511	0.090681	0.457195	11209.468750
5385.268637	0.090806	0.457195	11311.715820
5385.269653	0.090773	0.457195	11403.940430
5385.270540	0.090725	0.457195	11484.414062
5385.271466	0.090732	0.457195	11568.432617
5386.260925	1.198345	0.459680	514.089905
5386.261981	1.718536	0.459680	2328.864258
5386.263001	1.685200	0.459680	4047.768555
5386.263875	1.638442	0.459680	5479.767090
5386.264839	1.589689	0.459680	7012.227051
5386.265904	1.537749	0.459680	8649.929687
5386.266818	1.494027	0.459680	10015.470703
5386.267700	0.808986	0.459680	10728.996094
5386.268778	0.092794	0.459680	10829.028320
5386.269777	0.090685	0.459680	10919.622070
5386.270672	0.090659	0.459680	11000.761719
5386.271658	0.090714	0.459680	11090.206055
5386.272720	0.090732	0.459680	11186.563477
5386.273623	0.090615	0.459680	11268.388672
5386.274486	0.090652	0.459680	11346.621094
5386.275585	0.090795	0.459680	11446.404297
5386.276551	0.090623	0.459680	11533.945312
5386.277416	0.090714	0.459680	11612.413086
5387.293138	1.210972	0.463495	535.249451
5387.294003	1.716251	0.463495	2019.806885
5387.295043	1.692916	0.463495	3780.439941
5387.296101	1.637882	0.463495	5513.319336
5387.296983	1.591875	0.463495	6917.353027
5387.297914	1.546271	0.463495	8356.930664
5387.298998	1.495679	0.463495	9978.246094
5387.299933	0.779799	0.463495	10707.357422
5387.300790	0.096921	0.463495	10790.418945
5387.301824	0.090762	0.463495	10884.266602
5387.302845	0.090674	0.463495	10976.844727
5387.303733	0.090681	0.463495	11057.369141
5387.304681	0.090736	0.463495	11143.386719
5387.305728	0.090776	0.463495	11238.429687
5387.306657	0.090688	0.463495	11322.679687
5387.307520	0.090703	0.463495	11400.956055
5387.308594	0.090842	0.463495	11498.520508
5387.309602	0.090718	0.463495	11589.963867
5388.297671	1.198513	0.467704	520.154724
5388.298532	1.715402	0.467704	1997.115479
5388.299543	1.695385	0.467704	3711.149170
5388.300424	1.647792	0.467704	5162.853516
5388.301343	1.601049	0.467704	6634.217285
5388.302216	1.556558	0.467704	7993.092285
5388.303215	1.510375	0.467704	9501.957031
5388.304147	1.230641	0.467704	10648.914062
5388.305027	0.153684	0.467704	10784.156250
5388.306050	0.090560	0.467704	10876.799805
5388.306945	0.090688	0.467704	10957.965820
5388.307861	0.090641	0.467704	11040.993164
5388.308724	0.090707	0.467704	11119.273437
5388.309714	0.090619	0.467704	11208.986328
5388.310638	0.090597	0.467704	11292.698242
5388.311505	0.090630	0.467704	11371.274414
5388.312506	0.090769	0.467704	11462.133789
5388.313404	0.090696	0.467704	11543.579102
5389.330868	1.185579	0.464683	497.943054
5389.331753	1.713651	0.464683	2014.524170
5389.332796	1.692521	0.464683	3779.823242
5389.333681	1.645880	0.464683	5236.427246
5389.334554	1.601118	0.464683	6634.203613
5389.335577	1.552170	0.464683	8222.074219
5389.336497	1.506855	0.464683	9608.380859
5389.337399	1.167986	0.464683	10661.904297
5389.338281	0.140131	0.464683	10785.499023
5389.339306	0.090677	0.464683	10878.443359
5389.340197	0.090681	0.464683	10959.240234
5389.341071	0.090699	0.464683	11038.511719
5389.342027	0.090714	0.464683	11125.234375
5389.342997	0.090623	0.464683	11213.138672
5389.343924	0.090648	0.464683	11297.169922
5389.344788	0.090641	0.464683	11375.483398
5389.345832	0.090699	0.464683	11470.173828
5389.346715	0.090692	0.464683	11550.254883
5390.335014	1.282511	0.462717	683.578369
5390.336030	1.721331	0.462717	2432.450195
5390.336928	1.687343	0.462717	3947.683838
5390.337796	1.639665	0.462717	5370.913574
5390.338907	1.585320	0.462717	7132.204102
5390.339828	1.539873	0.462717	8550.426758
5390.340712	1.498341	0.462717	9874.959961
5390.341703	0.803837	0.462717	10671.562500
5390.342697	0.093164	0.462717	10764.167969
5390.343581	0.090685	0.462717	10844.333008
5390.344441	0.090699	0.462717	10922.334961
5390.345544	0.090769	0.462717	11022.453125
5390.346439	0.090740	0.462717	11103.665039
5390.347308	0.090776	0.462717	11182.549805
5390.348307	0.090791	0.462717	11273.250000
5390.349306	0.090773	0.462717	11363.931641
5390.350190	0.090674	0.462717	11444.086914
5390.351045	0.090707	0.462717	11521.641602
5391.370184	1.209642	0.455366	524.984741
5391.371044	1.714559	0.455366	1999.505737
5391.372158	1.689924	0.455366	3882.081543
5391.373061	1.641672	0.455366	5364.511719
5391.373936	1.596709	0.455366	6761.631836
5391.374944	1.547585	0.455366	8321.597656
5391.375945	1.499714	0.455366	9822.811523
5391.376843	0.986843	0.455366	10708.997070
5391.377709	0.109651	0.455366	10803.955078
5391.378811	0.090557	0.455366	10903.748047
5391.379719	0.090721	0.455366	10986.123047
5391.380596	0.090677	0.455366	11065.647461
5391.381579	0.090791	0.455366	11154.895508
5391.382586	0.090703	0.455366	11246.233398
5391.383471	0.090677	0.455366	11326.483398
5391.384331	0.090710	0.455366	11404.494141
5391.385417	0.090648	0.455366	11502.938477
5391.386318	0.090623	0.455366	11584.589844
5392.372229	1.265958	0.449932	626.649292
5392.373122	1.719478	0.449932	2162.142578
5392.374001	1.696428	0.449932	3653.302979
5392.374932	1.647953	0.449932	5187.546875
5392.375935	1.595544	0.449932	6787.877930
5392.376870	1.550153	0.449932	8237.270508
5392.377752	1.508588	0.449932	9567.844727
5392.378775	1.074968	0.449932	10667.537109
5392.379653	0.119583	0.449932	10772.530273
5392.380574	0.090648	0.449932	10856.017578
5392.381445	0.090765	0.449932	10935.074219
5392.382489	0.090630	0.449932	11029.691406
5392.383379	0.090637	0.449932	11110.358398
5392.384255	0.090677	0.449932	11189.791992
5392.385237	0.090754	0.449932	11278.913086
5392.386183	0.090696	0.449932	11364.710937
5392.387105	0.090681	0.449932	11448.319336
5392.387965	0.090696	0.449932	11526.317383
5393.409480	1.210210	0.446991	519.180054
5393.410357	1.716313	0.446991	2024.386963
5393.411221	1.699307	0.446991	3492.587891
5393.412285	1.645701	0.446991	5243.613281
5393.413179	1.599602	0.446991	6673.657715
5393.414057	1.556261	0.446991	8040.054687
5393.415034	1.510756	0.446991	9516.062500
5393.415997	1.173160	0.446991	10645.816406
5393.416921	0.133041	0.446991	10768.746094
5393.417779	0.090582	0.446991	10846.465820
5393.418818	0.090721	0.446991	10940.725586
5393.419699	0.090692	0.446991	11020.625000
5393.420561	0.090703	0.446991	11098.811523
5393.421483	0.090677	0.446991	11182.416016
5393.422470	0.090685	0.446991	11271.921875
5393.423403	0.090710	0.446991	11356.554687
5393.424283	0.090699	0.446991	11436.370117
5393.425285	0.090729	0.446991	11527.280273
5394.407472	1.283514	0.437073	698.231812
5394.408541	1.720005	0.437073	2536.916992
5394.409440	1.683626	0.437073	4050.496338
5394.410364	1.635996	0.437073	5562.156738
5394.411239	1.590465	0.437073	6953.813477
5394.412184	1.544062	0.437073	8412.952148
5394.413133	1.499385	0.437073	9835.868164
5394.414061	0.934164	0.437073	10702.772461
5394.414936	0.104110	0.437073	10793.869141
5394.415920	0.090623	0.437073	10883.041992
5394.416840	0.090619	0.437073	10966.411133
5394.417704	0.090667	0.437073	11044.747070
5394.418755	0.090648	0.437073	11140.018555
5394.419651	0.090725	0.437073	11221.308594
5394.420569	0.090630	0.437073	11304.506836
5394.421432	0.090710	0.437073	11382.790039
5394.422416	0.090740	0.437073	11472.078125
5394.423319	0.090623	0.437073	11553.910156
5395.451444	1.262366	0.438685	693.038757
5395.452409	1.720939	0.438685	2353.744629
5395.453336	1.688364	0.438685	3918.858154
5395.454202	1.641995	0.438685	5340.825195
5395.455231	1.590450	0.438685	6977.398437
5395.456137	1.545051	0.438685	8377.214844
5395.457015	1.503563	0.438685	9697.343750
5395.457930	1.028837	0.438685	10638.729492
5395.458928	0.102312	0.438685	10740.836914
5395.459862	0.090637	0.438685	10825.492187
5395.460739	0.090714	0.438685	10905.048828
5395.461764	0.090714	0.438685	10998.031250
5395.462669	0.090626	0.438685	11080.047852
5395.463585	0.090641	0.438685	11163.075195
5395.464450	0.090736	0.438685	11241.561523
5395.465493	0.090710	0.438685	11336.172852
5395.466367	0.090674	0.438685	11415.421875
5395.467239	0.090619	0.438685	11494.441406
5396.445201	1.278138	0.432497	632.678528
5396.446089	1.719027	0.432497	2159.174561
5396.446959	1.696981	0.432497	3635.548340
5396.447889	1.647978	0.432497	5168.168457
5396.448879	1.596969	0.432497	6749.167480
5396.449801	1.551720	0.432497	8179.853516
5396.450681	1.510067	0.432497	9508.712891
5396.451717	1.083497	0.432497	10631.215820
5396.452629	0.116814	0.432497	10737.750000
5396.453501	0.090634	0.432497	10816.782227
5396.454358	0.090758	0.432497	10894.561523
5396.455426	0.090736	0.432497	10991.467773
5396.456310	0.090659	0.432497	11071.610352
5396.457179	0.090685	0.432497	11150.415039
5396.458184	0.090718	0.432497	11241.585937
5396.459100	0.090714	0.432497	11324.679687
5396.460010	0.090692	0.432497	11407.209961
5396.460885	0.090791	0.432497	11486.652344
5397.493690	1.204786	0.453932	510.829437
5397.494770	1.719712	0.453932	2368.118164
5397.495702	1.687819	0.453932	3941.165039
5397.496585	1.641541	0.453932	5390.645508
5397.497576	1.591791	0.453932	6968.110352
5397.498582	1.541807	0.453932	8519.167969
5397.499473	1.499462	0.453932	9855.188477
5397.500343	0.992534	0.453932	10718.693359
5397.501416	0.098547	0.453932	10824.434570
5397.502335	0.090656	0.453932	10907.747070
5397.503202	0.090696	0.453932	10986.379883
5397.504165	0.090714	0.453932	11073.737305
5397.505195	0.090773	0.453932	11167.233398
5397.506067	0.090714	0.453932	11246.335937
5397.506930	0.090758	0.453932	11324.660156
5397.507967	0.090758	0.453932	11418.776367
5397.508900	0.090725	0.453932	11503.422852
5397.509773	0.090656	0.453932	11582.565430
5398.481475	1.335487	0.444473	741.195312
5398.482392	1.720964	0.444473	2319.319580
5398.483326	1.689236	0.444473	3897.065918
5398.484195	1.641178	0.444473	5323.249512
5398.485270	1.588565	0.444473	7030.956543
5398.486162	1.544667	0.444473	8408.798828
5398.487043	1.503054	0.444473	9732.989258
5398.488074	0.893232	0.444473	10653.912109
5398.488992	0.099503	0.444473	10745.255859
5398.489916	0.090685	0.444473	10829.048828
5398.490778	0.090688	0.444473	10907.222656
5398.491814	0.090729	0.444473	11001.217773
5398.492687	0.090696	0.444473	11080.395508
5398.493567	0.090740	0.444473	11160.246094
5398.494542	0.090699	0.444473	11248.677734
5398.495477	0.090743	0.444473	11333.522461
5398.496392	0.090688	0.444473	11416.501953
5398.497275	0.090710	0.444473	11496.599609
5399.532482	1.203497	0.473799	517.503845
5399.533348	1.715215	0.473799	2002.879883
5399.534405	1.691895	0.473799	3791.212402
5399.535357	1.642134	0.473799	5354.523437
5399.536240	1.596654	0.473799	6764.369141
5399.537177	1.550830	0.473799	8217.497070
5399.538223	1.501509	0.473799	9788.075195
5399.539119	1.031070	0.473799	10711.914062
5399.539979	0.115887	0.473799	10811.577148
5399.541025	0.090681	0.473799	10906.429687
5399.541975	0.090743	0.473799	10992.635742
5399.542844	0.090736	0.473799	11071.485352
5399.543748	0.090765	0.473799	11153.537109
5399.544837	0.090762	0.473799	11252.376953
5399.545716	0.090692	0.473799	11332.095703
5399.546581	0.090710	0.473799	11410.560547
5399.547603	0.090835	0.473799	11503.393555
5399.548573	0.090714	0.473799	11591.386719
5400.516534	1.187882	0.469175	500.098358
5400.517589	1.718434	0.469175	2313.046143
5400.518540	1.688679	0.469175	3918.979980
5400.519415	1.642335	0.469175	5356.023437
5400.520336	1.594358	0.469175	6824.427246
5400.521432	1.542224	0.469175	8514.705078
5400.522321	1.499608	0.469175	9847.856445
5400.523187	1.018879	0.469175	10730.206055
5400.524218	0.101246	0.469175	10834.590820
5400.525182	0.090656	0.469175	10921.982422
5400.526054	0.090663	0.469175	11001.040039
5400.526947	0.090736	0.469175	11082.067383
5400.528035	0.090688	0.469175	11180.736328
5400.528924	0.090667	0.469175	11261.338867
5400.529783	0.090685	0.469175	11339.237305
5400.530815	0.090791	0.469175	11432.933594
5400.531784	0.090765	0.469175	11520.884766
5400.532674	0.090677	0.469175	11601.587891
5401.571336	1.264145	0.479922	635.865173
5401.572210	1.719386	0.479922	2138.608643
5401.573155	1.693158	0.479922	3738.642822
5401.574230	1.636915	0.479922	5498.326660
5401.575175	1.588744	0.479922	6999.689453
5401.576045	1.545853	0.479922	8344.582031
5401.577075	1.497111	0.479922	9886.605469
5401.578106	0.714518	0.479922	10623.273437
5401.578999	0.094124	0.479922	10707.326172
5401.579967	0.090685	0.479922	10795.109375
5401.581017	0.090824	0.479922	10890.474609
5401.581941	0.090699	0.479922	10974.281250
5401.582800	0.090773	0.479922	11052.254883
5401.583885	0.090857	0.479922	11150.834961
5401.584880	0.090747	0.479922	11241.127930
5401.585774	0.090718	0.479922	11322.229492
5401.586765	0.090857	0.479922	11412.268555
5401.587813	0.090754	0.479922	11507.378906
5402.551756	1.203105	0.487927	528.163269
5402.552617	1.715171	0.487927	2004.925293
5402.553685	1.690335	0.487927	3810.202637
5402.554731	1.636476	0.487927	5521.956543
5402.555607	1.591073	0.487927	6915.736328
5402.556591	1.543850	0.487927	8434.884766
5402.557640	1.493848	0.487927	10001.930664
5402.558556	0.768318	0.487927	10705.709961
5402.559423	0.096398	0.487927	10789.287109
5402.560516	0.090791	0.487927	10888.521484
5402.561506	0.090674	0.487927	10978.289062
5402.562398	0.090721	0.487927	11059.212891
5402.563386	0.090714	0.487927	11148.838867
5402.564432	0.090736	0.487927	11243.749023
5402.565334	0.090692	0.487927	11325.553711
5402.566198	0.090773	0.487927	11403.981445
5402.567293	0.090868	0.487927	11503.481445
5402.568237	0.090714	0.487927	11589.115234
5403.610153	1.293051	0.476861	672.386292
5403.611186	1.720514	0.476861	2449.677002
5403.612070	1.687152	0.476861	3941.119385
5403.613019	1.638124	0.476861	5495.698730
5403.614084	1.583397	0.476861	7182.016602
5403.615020	1.537896	0.476861	8621.486328
5403.615881	1.496096	0.476861	9909.625000
5403.616961	0.667636	0.476861	10630.670898
5403.617978	0.091549	0.476861	10723.776367
5403.618844	0.090597	0.476861	10802.233398
5403.619805	0.090710	0.476861	10889.406250
5403.620866	0.090809	0.476861	10985.754883
5403.621778	0.090648	0.476861	11068.425781
5403.622645	0.090674	0.476861	11147.040039
5403.623729	0.090809	0.476861	11245.477539
5403.624712	0.090645	0.476861	11334.581055
5403.625605	0.090623	0.476861	11415.506836
5403.626585	0.090806	0.476861	11504.496094
5404.588478	1.191368	0.493244	505.140228
5404.589341	1.713820	0.493244	1984.166626
5404.590455	1.689507	0.493244	3866.277344
5404.591415	1.639168	0.493244	5439.877930
5404.592279	1.594570	0.493244	6817.586914
5404.593311	1.544418	0.493244	8411.425781
5404.594373	1.494763	0.493244	9998.864258
5404.595262	0.815511	0.493244	10723.853516
5404.596194	0.098254	0.493244	10815.426758
5404.597269	0.090809	0.493244	10913.046875
5404.598201	0.090645	0.493244	10997.527344
5404.599066	0.090677	0.493244	11075.962891
5404.600104	0.090776	0.493244	11170.188477
5404.601125	0.090703	0.493244	11262.795898
5404.602012	0.090688	0.493244	11343.236328
5404.602965	0.090710	0.493244	11429.683594
5404.604025	0.090769	0.493244	11525.898437
5404.604951	0.090699	0.493244	11609.885742
5405.647842	1.250541	0.464111	568.996033
5405.648724	1.717332	0.464111	2083.682373
5405.649734	1.692557	0.464111	3793.165283
5405.650784	1.637911	0.464111	5512.972168
5405.651677	1.591553	0.464111	6934.228516
5405.652539	1.546930	0.464111	8267.681641
5405.653643	1.497001	0.464111	9920.370117
5405.654620	0.789009	0.464111	10691.231445
5405.655475	0.097137	0.464111	10774.284180
5405.656585	0.090696	0.464111	10874.956055
5405.657619	0.090645	0.464111	10968.682617
5405.658493	0.090703	0.464111	11047.957031
5405.659424	0.090740	0.464111	11132.435547
5405.660474	0.090743	0.464111	11227.715820
5405.661413	0.090656	0.464111	11312.841797
5405.662284	0.090692	0.464111	11391.834961
5405.663324	0.090798	0.464111	11486.265625
5405.664353	0.090725	0.464111	11579.622070
5406.626835	1.276871	0.487604	652.481262
5406.627803	1.721071	0.487604	2318.477539
5406.628681	1.691722	0.487604	3803.809814
5406.629698	1.638475	0.487604	5470.139160
5406.630762	1.584558	0.487604	7156.108887
5406.631660	1.540276	0.487604	8539.276367
5406.632561	1.496627	0.487604	9887.737305
5406.633666	0.634603	0.487604	10588.973633
5406.634609	0.091890	0.487604	10675.625977
5406.635478	0.090751	0.487604	10754.488281
5406.636525	0.090802	0.487604	10849.557617
5406.637534	0.090725	0.487604	10941.099609
5406.638422	0.090692	0.487604	11021.633789
5406.639367	0.090791	0.487604	11107.431641
5406.640426	0.090751	0.487604	11203.537109
5406.641360	0.090725	0.487604	11288.274414
5406.642223	0.090703	0.487604	11366.550781
5406.643272	0.090839	0.487604	11461.840820
5407.685050	1.193302	0.457271	505.960052
5407.686018	1.713929	0.457271	2165.043701
5407.687069	1.686738	0.457271	3937.805664
5407.687996	1.638347	0.457271	5456.553711
5407.688866	1.592637	0.457271	6842.147461
5407.689941	1.541246	0.457271	8498.987305
5407.690946	1.493386	0.457271	9999.840820
5407.691849	0.798497	0.457271	10720.883789
5407.692824	0.096793	0.457271	10815.256836
5407.693865	0.090681	0.457271	10909.656250
5407.694770	0.090645	0.457271	10991.689453
5407.695630	0.090776	0.457271	11069.756836
5407.696717	0.090817	0.457271	11168.474609
5407.697686	0.090663	0.457271	11256.327148
5407.698563	0.090681	0.457271	11335.854492
5407.699585	0.090850	0.457271	11428.703125
5407.700643	0.090699	0.457271	11524.663086
5407.701522	0.090725	0.457271	11604.410156
5408.665035	1.218197	0.473574	528.697510
5408.666012	1.715387	0.473574	2204.630615
5408.667053	1.686958	0.473574	3960.753906
5408.667965	1.638607	0.473574	5455.163574
5408.668831	1.592662	0.473574	6834.409180
5408.669933	1.540898	0.473574	8532.479492
5408.670913	1.493687	0.473574	9996.291992
5408.671796	0.832335	0.473574	10731.244141
5408.672807	0.097570	0.473574	10829.886719
5408.673855	0.090667	0.473574	10924.905273
5408.674739	0.090703	0.473574	11005.086914
5408.675594	0.090714	0.473574	11082.647461
5408.676682	0.090846	0.473574	11181.488281
5408.677645	0.090667	0.473574	11268.799805
5408.678515	0.090670	0.473574	11347.682617
5408.679569	0.090787	0.473574	11443.372070
5408.680617	0.090721	0.473574	11538.448242
5408.681502	0.090714	0.473574	11618.730469
5409.721287	1.216754	0.452510	532.938354
5409.722165	1.716464	0.452510	2039.993408
5409.723037	1.700057	0.452510	3522.443359
5409.723999	1.650406	0.452510	5110.134277
5409.724952	1.601320	0.452510	6636.191895
5409.725847	1.556730	0.452510	8029.464844
5409.726802	1.511693	0.452510	9473.131836
5409.727757	1.217933	0.452510	10636.257812
5409.728664	0.147253	0.452510	10769.816406
5409.729541	0.090626	0.452510	10849.295898
5409.730573	0.090787	0.452510	10942.988281
5409.731465	0.090667	0.452510	11023.863281
5409.732374	0.090736	0.452510	11106.342773
5409.733252	0.090729	0.452510	11186.002930
5409.734190	0.090699	0.452510	11271.079102
5409.735144	0.090703	0.452510	11357.610352
5409.736031	0.090721	0.452510	11438.080078
5409.737011	0.090751	0.452510	11527.015625
5410.704328	1.201677	0.457863	522.729553
5410.705198	1.715599	0.457863	2015.301025
5410.706060	1.699757	0.457863	3480.491699
5410.707098	1.646993	0.457863	5190.070801
5410.708007	1.600411	0.457863	6644.844727
5410.708883	1.556770	0.457863	8008.575195
5410.709831	1.512261	0.457863	9442.198242
5410.710809	1.228176	0.457863	10643.354492
5410.711737	0.139838	0.457863	10773.124023
5410.712604	0.090648	0.457863	10851.715820
5410.713662	0.090769	0.457863	10947.749023
5410.714542	0.090645	0.457863	11027.516602
5410.715420	0.090688	0.457863	11107.140625
5410.716276	0.090784	0.457863	11184.851562
5410.717328	0.090641	0.457863	11280.206055
5410.718208	0.090681	0.457863	11360.005859
5410.719078	0.090736	0.457863	11438.946289
5410.720057	0.090791	0.457863	11527.831055
5411.757540	1.232219	0.456389	555.730896
5411.758457	1.718141	0.456389	2131.266113
5411.759327	1.696901	0.456389	3607.569824
5411.760372	1.643738	0.456389	5325.275879
5411.761256	1.597211	0.456389	6737.209961
5411.762134	1.553895	0.456389	8101.530273
5411.763075	1.509221	0.456389	9521.707031
5411.764054	1.154209	0.456389	10651.677734
5411.764971	0.127412	0.456389	10768.514648
5411.765849	0.090637	0.456389	10848.093750
5411.766911	0.090732	0.456389	10944.451172
5411.767824	0.090652	0.456389	11027.216797
5411.768703	0.090619	0.456389	11106.871094
5411.769593	0.090747	0.456389	11187.635742
5411.770625	0.090659	0.456389	11281.196289
5411.771516	0.090677	0.456389	11361.990234
5411.772383	0.090604	0.456389	11440.543945
5411.773393	0.090740	0.456389	11532.191406
5412.746180	1.214099	0.446326	520.848572
5412.747223	1.720851	0.446326	2315.696045
5412.748113	1.691334	0.446326	3820.983398
5412.748992	1.645280	0.446326	5267.184082
5412.749994	1.594915	0.446326	6865.288574
5412.750906	1.548684	0.446326	8277.688477
5412.751812	1.505541	0.446326	9641.708008
5412.752693	1.124985	0.446326	10632.820312
5412.753729	0.109142	0.446326	10745.891602
5412.754629	0.090619	0.446326	10827.448242
5412.755507	0.090707	0.446326	10907.088867
5412.756492	0.090762	0.446326	10996.489258
5412.757436	0.090637	0.446326	11082.050781
5412.758361	0.090663	0.446326	11165.914062
5412.759224	0.090732	0.446326	11244.215820
5412.760254	0.090707	0.446326	11337.643555
5412.761136	0.090674	0.446326	11417.618164
5412.762005	0.090703	0.446326	11496.439453
5413.792760	1.223969	0.473735	597.296631
5413.793748	1.720265	0.473735	2296.918457
5413.794674	1.688694	0.473735	3860.648926
5413.795565	1.642496	0.473735	5324.113281
5413.796558	1.592124	0.473735	6905.092773
5413.797474	1.545952	0.473735	8321.184570
5413.798404	1.502519	0.473735	9718.527344
5413.799281	1.058174	0.473735	10646.545898
5413.800322	0.101067	0.473735	10751.756836
5413.801215	0.090634	0.473735	10832.692383
5413.802088	0.090740	0.473735	10911.908203
5413.803094	0.090780	0.473735	11003.232422
5413.804022	0.090696	0.473735	11087.398437
5413.804938	0.090648	0.473735	11170.432617
5413.805795	0.090802	0.473735	11248.250000
5413.806810	0.090736	0.473735	11340.346680
5413.807701	0.090681	0.473735	11421.143555
5413.808571	0.090674	0.473735	11500.029297
5414.786598	1.278834	0.458145	662.436157
5414.787477	1.719218	0.458145	2173.628418
5414.788337	1.696022	0.458145	3632.207031
5414.789407	1.639732	0.458145	5386.719727
5414.790379	1.590322	0.458145	6932.512695
5414.791261	1.547245	0.458145	8297.182617
5414.792146	1.503263	0.458145	9627.570312
5414.793267	0.855879	0.458145	10587.010742
5414.794154	0.098207	0.458145	10674.120117
5414.795022	0.090597	0.458145	10752.757812
5414.796079	0.090802	0.458145	10848.735352
5414.797045	0.090634	0.458145	10936.287109
5414.797922	0.090648	0.458145	11015.785156
5414.798792	0.090736	0.458145	11094.725586
5414.799885	0.090608	0.458145	11193.759766
5414.800774	0.090623	0.458145	11274.323242
5414.801634	0.090590	0.458145	11352.230469
5414.802638	0.090809	0.458145	11443.403320
5415.828518	1.259165	0.491774	669.875793
5415.829586	1.719192	0.491774	2505.972656
5415.830507	1.683226	0.491774	4056.224121
5415.831370	1.636227	0.491774	5468.288086
5415.832450	1.582906	0.491774	7177.827148
5415.833456	1.534127	0.491774	8721.159180
5415.834334	1.492108	0.491774	10031.230469
5415.835318	0.656924	0.491774	10677.643555
5415.836374	0.091373	0.491774	10774.133789
5415.837275	0.090681	0.491774	10855.837891
5415.838143	0.090670	0.491774	10934.540039
5415.839240	0.090736	0.491774	11034.077148
5415.840226	0.090626	0.491774	11123.434570
5415.841121	0.090685	0.491774	11204.597656
5415.842114	0.090732	0.491774	11294.695312
5415.843169	0.090681	0.491774	11390.364258
5415.844054	0.090634	0.491774	11470.575195
5415.844939	0.090714	0.491774	11550.857422
5416.827835	1.197118	0.477352	509.972229
5416.828880	1.718122	0.477352	2305.410156
5416.829912	1.683816	0.477352	4043.108398
5416.830800	1.637245	0.477352	5496.981934
5416.831770	1.588293	0.477352	7037.626465
5416.832831	1.535819	0.477352	8667.130859
5416.833763	1.491984	0.477352	10057.659180
5416.834639	0.770211	0.477352	10732.364258
5416.835738	0.092142	0.477352	10833.628906
5416.836732	0.090586	0.477352	10923.670898
5416.837629	0.090630	0.477352	11004.965820
5416.838617	0.090751	0.477352	11094.627930
5416.839675	0.090688	0.477352	11190.576172
5416.840576	0.090637	0.477352	11272.240234
5416.841441	0.090623	0.477352	11350.628906
5416.842542	0.090747	0.477352	11450.541016
5416.843500	0.090652	0.477352	11537.385742
5416.844361	0.090626	0.477352	11615.415039
5417.864125	1.188289	0.507762	500.269501
5417.865119	1.713820	0.507762	2203.806152
5417.866173	1.686156	0.507762	3981.014648
5417.867076	1.638344	0.507762	5460.438965
5417.867937	1.592406	0.507762	6831.500488
5417.869009	1.541221	0.507762	8483.689453
5417.870001	1.494056	0.507762	9965.792969
5417.870897	0.840593	0.507762	10718.964844
5417.871893	0.097573	0.507762	10816.147461
5417.872958	0.090751	0.507762	10912.796875
5417.873847	0.090527	0.507762	10993.275391
5417.874729	0.090758	0.507762	11073.324219
5417.875829	0.090784	0.507762	11173.186523
5417.876793	0.090663	0.507762	11260.585937
5417.877661	0.090721	0.507762	11339.332031
5417.878706	0.090813	0.507762	11434.231445
5417.879734	0.090648	0.507762	11527.417969
5417.880626	0.090663	0.507762	11608.289062
5418.866185	1.261963	0.496910	632.243408
5418.867073	1.719441	0.496910	2159.106934
5418.867964	1.693920	0.496910	3668.389404
5418.869066	1.637966	0.496910	5473.428223
5418.870020	1.588953	0.496910	6989.289062
5418.870882	1.546498	0.496910	8322.370117
5418.871929	1.497290	0.496910	9890.033203
5418.872972	0.713957	0.496910	10634.690430
5418.873845	0.094647	0.496910	10717.317383
5418.874775	0.090754	0.496910	10801.718750
5418.875849	0.090685	0.496910	10899.114258
5418.876778	0.090685	0.496910	10983.360352
5418.877634	0.090656	0.496910	11060.961914
5418.878663	0.090813	0.496910	11154.408203
5418.879695	0.090714	0.496910	11248.025391
5418.880582	0.090743	0.496910	11328.514648
5418.881543	0.090857	0.496910	11415.828125
5418.882587	0.090754	0.496910	11510.576172
5419.900866	1.200992	0.515589	515.225769
5419.901941	1.718496	0.515589	2362.609131
5419.902954	1.683311	0.515589	4067.802734
5419.903845	1.636571	0.515589	5525.987305
5419.904821	1.587473	0.515589	7075.361328
5419.905869	1.536134	0.515589	8685.229492
5419.906788	1.492390	0.515589	10056.736328
5419.907652	0.791649	0.515589	10740.720703
5419.908754	0.092944	0.515589	10843.145508
5419.909752	0.090670	0.515589	10933.634766
5419.910622	0.090740	0.515589	11012.578125
5419.911606	0.090813	0.515589	11101.938477
5419.912672	0.090718	0.515589	11198.643555
5419.913555	0.090714	0.515589	11278.744141
5419.914423	0.090721	0.515589	11357.490234
5419.915525	0.090846	0.515589	11457.602539
5419.916491	0.090707	0.515589	11545.225586
5419.917376	0.090696	0.515589	11625.491211
5420.904374	1.211649	0.507657	510.104309
5420.905491	1.718580	0.507657	2429.758545
5420.906456	1.684277	0.507657	4055.086426
5420.907326	1.638267	0.507657	5480.378418
5420.908398	1.583939	0.507657	7178.361328
5420.909435	1.533651	0.507657	8768.757812
5420.910319	1.491599	0.507657	10087.331055
5420.911279	0.696185	0.507657	10755.668945
5420.912356	0.091586	0.507657	10854.306641
5420.913281	0.090626	0.507657	10938.135742
5420.914138	0.090692	0.507657	11015.859375
5420.915197	0.090758	0.507657	11111.971680
5420.916214	0.090688	0.507657	11204.202148
5420.917097	0.090696	0.507657	11284.286133
5420.918065	0.090762	0.507657	11372.143555
5420.919126	0.090729	0.507657	11468.407227
5420.920036	0.090667	0.507657	11550.914062
5420.920902	0.090740	0.507657	11629.495117
5421.937591	1.209613	0.527525	509.247070
5421.938709	1.718877	0.527525	2430.951660
5421.939671	1.684182	0.527525	4051.134766
5421.940543	1.638135	0.527525	5479.588379
5421.941609	1.584225	0.527525	7168.372070
5421.942640	1.534292	0.527525	8750.226562
5421.943533	1.491508	0.527525	10082.142578
5421.944480	0.710596	0.527525	10755.076172
5421.945539	0.091915	0.527525	10852.414062
5421.946473	0.090718	0.527525	10937.144531
5421.947332	0.090762	0.527525	11015.108398
5421.948385	0.090817	0.527525	11110.738281
5421.949405	0.090696	0.527525	11203.248047
5421.950280	0.090710	0.527525	11282.620117
5421.951243	0.090773	0.527525	11370.034180
5421.952306	0.090681	0.527525	11466.428711
5421.953211	0.090692	0.527525	11548.504883
5421.954078	0.090776	0.527525	11627.208008
5422.942275	1.314452	0.514429	736.093079
5422.943201	1.720093	0.514429	2328.898926
5422.944126	1.688573	0.514429	3890.829102
5422.944992	1.642112	0.514429	5312.897949
5422.946024	1.590630	0.514429	6954.428223
5422.946912	1.546758	0.514429	8327.949219
5422.947784	1.505240	0.514429	9640.518555
5422.948763	1.014166	0.514429	10633.387695
5422.949708	0.106333	0.514429	10733.872070
5422.950614	0.090604	0.514429	10815.959961
5422.951493	0.090667	0.514429	10895.656250
5422.952520	0.090575	0.514429	10988.676758
5422.953416	0.090652	0.514429	11069.900391
5422.954287	0.090634	0.514429	11148.841797
5422.955200	0.090787	0.514429	11231.730469
5422.956210	0.090670	0.514429	11323.307617
5422.957134	0.090630	0.514429	11407.049805
5422.958005	0.090688	0.514429	11486.039062
5423.976401	1.220358	0.529157	546.720215
5423.977278	1.716423	0.529157	2052.023437
5423.978262	1.694396	0.529157	3719.308838
5423.979275	1.640515	0.529157	5381.150391
5423.980169	1.594779	0.529157	6806.882812
5423.981034	1.551035	0.529157	8148.528320
5423.982125	1.500846	0.529157	9785.951172
5423.983048	0.990835	0.529157	10700.492187
5423.983915	0.110504	0.529157	10796.298828
5423.984906	0.090758	0.529157	10886.240234
5423.985918	0.090740	0.529157	10978.069336
5423.986787	0.090699	0.529157	11056.886719
5423.987652	0.090758	0.529157	11135.392578
5423.988714	0.090736	0.529157	11231.753906
5423.989659	0.090656	0.529157	11317.423828
5423.990530	0.090681	0.529157	11396.407227
5423.991486	0.090721	0.529157	11483.136719
5423.992516	0.090670	0.529157	11576.527344
5424.979401	1.205775	0.513482	525.717957
5424.980275	1.715706	0.513482	2025.244629
5424.981183	1.696919	0.513482	3566.046875
5424.982272	1.641782	0.513482	5353.947754
5424.983170	1.595391	0.513482	6786.608398
5424.984040	1.552269	0.513482	8137.082520
5424.985072	1.503556	0.513482	9688.751953
5424.986040	1.025134	0.513482	10681.082031
5424.986913	0.112035	0.513482	10778.888672
5424.987791	0.090608	0.513482	10858.442383
5424.988891	0.090696	0.513482	10958.208008
5424.989773	0.090659	0.513482	11038.168945
5424.990636	0.090626	0.513482	11116.378906
5424.991732	0.090776	0.513482	11215.870117
5424.992694	0.090659	0.513482	11303.083984
5424.993565	0.090677	0.513482	11382.064453
5424.994424	0.090659	0.513482	11459.940430
5424.995534	0.090696	0.513482	11560.612305
5426.014228	1.258392	0.537507	649.330444
5426.015285	1.719280	0.537507	2466.609131
5426.016207	1.683820	0.537507	4019.090820
5426.017077	1.636487	0.537507	5442.834473
5426.018173	1.582258	0.537507	7176.989746
5426.019170	1.533625	0.537507	8706.014648
5426.020069	1.491471	0.537507	10046.846680
5426.021072	0.616615	0.537507	10665.311523
5426.022126	0.091143	0.537507	10761.375977
5426.023017	0.090659	0.537507	10842.153320
5426.023888	0.090736	0.537507	10921.184570
5426.025019	0.090718	0.537507	11023.786133
5426.025982	0.090670	0.537507	11111.101562
5426.026845	0.090590	0.537507	11189.280273
5426.027879	0.090765	0.537507	11283.131836
5426.028900	0.090743	0.537507	11375.781250
5426.029787	0.090659	0.537507	11456.196289
5426.030718	0.090754	0.537507	11540.688477
5427.016630	1.185992	0.500193	499.302795
5427.017642	1.715823	0.500193	2235.715576
5427.018700	1.685416	0.500193	4018.885986
5427.019591	1.637519	0.500193	5477.916016
5427.020474	1.590905	0.500193	6882.684570
5427.021569	1.538866	0.500193	8567.743164
5427.022526	1.493892	0.500193	9997.397461
5427.023397	0.854634	0.500193	10741.783203
5427.024438	0.095321	0.500193	10841.012695
5427.025469	0.090645	0.500193	10934.466797
5427.026351	0.090630	0.500193	11014.402344
5427.027292	0.090718	0.500193	11099.767578
5427.028363	0.090802	0.500193	11197.016602
5427.029302	0.090677	0.500193	11282.163086
5427.030159	0.090707	0.500193	11359.898437
5427.031198	0.090780	0.500193	11454.218750
5427.032221	0.090718	0.500193	11547.023437
5427.033108	0.090707	0.500193	11627.480469
5428.052925	1.196565	0.525120	508.540131
5428.053854	1.713109	0.525120	2100.018555
5428.054939	1.686504	0.525120	3929.875244
5428.055879	1.637410	0.525120	5469.040527
5428.056750	1.591963	0.525120	6855.640137
5428.057813	1.540723	0.525120	8493.427734
5428.058837	1.492050	0.525120	10021.286133
5428.059741	0.769047	0.525120	10716.503906
5428.060723	0.096138	0.525120	10810.911133
5428.061775	0.090696	0.525120	10906.323242
5428.062690	0.090623	0.525120	10989.243164
5428.063551	0.090652	0.525120	11067.293945
5428.064651	0.090769	0.525120	11167.139648
5428.065638	0.090645	0.525120	11256.605469
5428.066532	0.090634	0.525120	11337.631836
5428.067514	0.090839	0.525120	11426.834961
5428.068552	0.090659	0.525120	11520.939453
5428.069448	0.090667	0.525120	11602.176758
5429.054483	1.277292	0.479161	647.587219
5429.055478	1.720529	0.479161	2359.513184
5429.056378	1.688771	0.479161	3879.406738
5429.057377	1.636410	0.479161	5514.180176
5429.058446	1.582280	0.479161	7205.637695
5429.059349	1.537991	0.479161	8594.443359
5429.060213	1.495107	0.479161	9886.215820
5429.061346	0.596082	0.479161	10561.576172
5429.062309	0.091300	0.479161	10649.498047
5429.063170	0.090612	0.479161	10727.514648
5429.064226	0.090758	0.479161	10823.355469
5429.065256	0.090674	0.479161	10916.750000
5429.066138	0.090681	0.479161	10996.730469
5429.067065	0.090762	0.479161	11080.866211
5429.068128	0.090754	0.479161	11177.337891
5429.069069	0.090652	0.479161	11262.641602
5429.069931	0.090667	0.479161	11340.795898
5429.070980	0.090872	0.479161	11436.120117
5430.091804	1.293043	0.509365	676.261597
5430.092686	1.718946	0.509365	2192.372314
5430.093600	1.692023	0.509365	3738.881104
5430.094695	1.636260	0.509365	5530.585449
5430.095632	1.588030	0.509365	7018.569336
5430.096501	1.545125	0.509365	8361.282227
5430.097537	1.496382	0.509365	9911.534180
5430.098571	0.690494	0.509365	10625.505859
5430.099463	0.093739	0.509365	10709.121094
5430.100421	0.090743	0.509365	10796.053711
5430.101470	0.090751	0.509365	10891.250977
5430.102399	0.090736	0.509365	10975.544922
5430.103263	0.090718	0.509365	11053.924805
5430.104324	0.090919	0.509365	11150.389648
5430.105335	0.090699	0.509365	11242.086914
5430.106225	0.090699	0.509365	11322.809570
5430.107202	0.090835	0.509365	11411.555664
5430.108242	0.090740	0.509365	11505.924805
5431.090734	1.310750	0.454270	690.765015
5431.091756	1.720056	0.454270	2448.662354
5431.092646	1.686577	0.454270	3949.716064
5431.093606	1.637205	0.454270	5521.432617
5431.094659	1.583009	0.454270	7188.340820
5431.095590	1.537555	0.454270	8619.804687
5431.096452	1.496049	0.454270	9909.398437
5431.097529	0.668042	0.454270	10628.879883
5431.098545	0.091608	0.454270	10721.953125
5431.099425	0.090707	0.454270	10801.775391
5431.100416	0.090780	0.454270	10891.738281
5431.101468	0.090685	0.454270	10987.138672
5431.102363	0.090751	0.454270	11068.360352
5431.103223	0.090703	0.454270	11146.365234
5431.104277	0.090824	0.454270	11242.093750
5431.105285	0.090667	0.454270	11333.485352
5431.106170	0.090721	0.454270	11413.773437
5431.107143	0.090835	0.454270	11502.156250
5432.132549	1.201208	0.487246	515.318420
5432.133502	1.714017	0.487246	2148.776855
5432.134557	1.687306	0.487246	3928.884766
5432.135489	1.638256	0.487246	5455.739258
5432.136354	1.593021	0.487246	6833.702637
5432.137414	1.542231	0.487246	8468.467773
5432.138446	1.493438	0.487246	10009.695312
5432.139325	0.822506	0.487246	10732.677734
5432.140290	0.098192	0.487246	10827.433594
5432.141352	0.090835	0.487246	10923.900391
5432.142258	0.090747	0.487246	11006.117187
5432.143125	0.090787	0.487246	11084.830078
5432.144200	0.090820	0.487246	11182.461914
5432.145184	0.090732	0.487246	11271.742187
5432.146067	0.090725	0.487246	11351.852539
5432.147045	0.090850	0.487246	11440.703125
5432.148098	0.090747	0.487246	11536.259766
5432.149002	0.090765	0.487246	11618.311523
5433.124858	1.255572	0.445686	608.952637
5433.125736	1.718049	0.445686	2117.399902
5433.126660	1.694150	0.445686	3682.794922
5433.127741	1.638043	0.445686	5453.519531
5433.128689	1.589722	0.445686	6960.575684
5433.129562	1.546476	0.445686	8310.649414
5433.130627	1.496349	0.445686	9904.260742
5433.131648	0.714613	0.445686	10633.880859
5433.132543	0.094025	0.445686	10718.033203
5433.133510	0.090707	0.445686	10805.747070
5433.134564	0.090645	0.445686	10901.286133
5433.135488	0.090623	0.445686	10985.021484
5433.136350	0.090740	0.445686	11063.239258
5433.137435	0.090776	0.445686	11161.731445
5433.138433	0.090630	0.445686	11252.179687
5433.139308	0.090688	0.445686	11331.532227
5433.140306	0.090787	0.445686	11422.137695
5433.141355	0.090641	0.445686	11517.219727
5434.171405	1.278120	0.458302	639.059998
5434.172286	1.718969	0.458302	2153.471191
5434.173218	1.693004	0.458302	3731.351074
5434.174279	1.637864	0.458302	5469.124512
5434.175218	1.589612	0.458302	6961.770020
5434.176082	1.546739	0.458302	8298.153320
5434.177147	1.497305	0.458302	9892.783203
5434.178182	0.716199	0.458302	10634.048828
5434.179058	0.094552	0.458302	10716.875977
5434.180024	0.090729	0.458302	10804.519531
5434.181068	0.090762	0.458302	10899.274414
5434.181977	0.090692	0.458302	10981.713867
5434.182845	0.090732	0.458302	11060.469727
5434.183889	0.090798	0.458302	11155.263672
5434.184898	0.090762	0.458302	11246.841797
5434.185782	0.090681	0.458302	11327.003906
5434.186749	0.090802	0.458302	11414.809570
5434.187800	0.090853	0.458302	11510.295898
5435.160616	1.295486	0.434515	673.652649
5435.161615	1.720316	0.434515	2392.248535
5435.162495	1.688529	0.434515	3878.154053
5435.163483	1.636531	0.434515	5495.046387
5435.164542	1.583529	0.434515	7172.003906
5435.165438	1.539005	0.434515	8550.952148
5435.166313	1.496078	0.434515	9860.020508
5435.167425	0.644095	0.434515	10576.254883
5435.168377	0.091791	0.434515	10663.639648
5435.169240	0.090725	0.434515	10741.935547
5435.170262	0.090718	0.434515	10834.649414
5435.171312	0.090681	0.434515	10929.864258
5435.172201	0.090670	0.434515	11010.469727
5435.173133	0.090703	0.434515	11095.004883
5435.174203	0.090659	0.434515	11192.009766
5435.175149	0.090765	0.434515	11277.874023
5435.176012	0.090685	0.434515	11356.134766
5435.177059	0.090817	0.434515	11451.219727
5436.211662	1.205588	0.444401	531.664429
5436.212524	1.715193	0.444401	2010.160767
5436.213549	1.691602	0.444401	3744.052490
5436.214589	1.637856	0.444401	5447.422852
5436.215487	1.592091	0.444401	6877.120605
5436.216440	1.545886	0.444401	8350.350586
5436.217492	1.495759	0.444401	9923.889648
5436.218428	0.818503	0.444401	10690.008789
5436.219290	0.098419	0.444401	10774.845703
5436.220359	0.090798	0.444401	10871.909180
5436.221360	0.090670	0.444401	10962.669922
5436.222254	0.090736	0.444401	11043.788086
5436.223214	0.090765	0.444401	11130.922852
5436.224253	0.090681	0.444401	11225.140625
5436.225182	0.090740	0.444401	11309.437500
5436.226042	0.090798	0.444401	11387.524414
5436.227118	0.090754	0.444401	11485.175781
5436.228111	0.090663	0.444401	11575.204102
5437.195700	1.182030	0.443377	495.270569
5437.196726	1.717134	0.443377	2257.049805
5437.197768	1.684871	0.443377	4012.685059
5437.198662	1.637498	0.443377	5476.607910
5437.199595	1.590084	0.443377	6960.156738
5437.200652	1.538756	0.443377	8586.622070
5437.201598	1.493961	0.443377	9999.909180
5437.202470	0.848540	0.443377	10739.835937
5437.203531	0.094420	0.443377	10840.015625
5437.204556	0.090725	0.443377	10933.008789
5437.205439	0.090710	0.443377	11013.106445
5437.206421	0.090868	0.443377	11102.338867
5437.207470	0.090850	0.443377	11197.639648
5437.208384	0.090718	0.443377	11280.555664
5437.209242	0.090773	0.443377	11358.438477
5437.210320	0.090835	0.443377	11456.358398
5437.211331	0.090703	0.443377	11548.059570
5437.212199	0.090740	0.443377	11626.821289
5438.251474	1.214722	0.437347	535.692261
5438.252340	1.715559	0.437347	2021.366455
5438.253398	1.690858	0.437347	3810.294434
5438.254431	1.636838	0.437347	5501.148437
5438.255312	1.591344	0.437347	6903.122559
5438.256276	1.544440	0.437347	8391.962891
5438.257335	1.494346	0.437347	9974.474609
5438.258253	0.785702	0.437347	10695.749023
5438.259125	0.096837	0.437347	10780.191406
5438.260175	0.090802	0.437347	10875.533203
5438.261183	0.090714	0.437347	10966.972656
5438.262070	0.090670	0.437347	11047.397461
5438.263043	0.090831	0.437347	11135.776367
5438.264093	0.090721	0.437347	11231.034180
5438.265007	0.090707	0.437347	11313.940430
5438.265868	0.090699	0.437347	11392.032227
5438.266971	0.090758	0.437347	11492.138672
5438.267957	0.090685	0.437347	11581.553711
5439.232441	1.204442	0.453819	509.479034
5439.233538	1.718793	0.453819	2394.994629
5439.234532	1.682593	0.453819	4067.491699
5439.235426	1.635637	0.453819	5529.751465
5439.236412	1.585763	0.453819	7093.313477
5439.237486	1.534640	0.453819	8741.516602
5439.238376	1.491493	0.453819	10068.945312
5439.239263	0.740845	0.453819	10726.074219
5439.240386	0.091681	0.453819	10829.032227
5439.241345	0.090699	0.453819	10916.012695
5439.242206	0.090718	0.453819	10994.121094
5439.243239	0.090879	0.453819	11087.999023
5439.244261	0.090685	0.453819	11180.678711
5439.245144	0.090681	0.453819	11260.750000
5439.246067	0.090773	0.453819	11344.533203
5439.247128	0.090828	0.453819	11440.901367
5439.248058	0.090677	0.453819	11525.231445
5439.248916	0.090692	0.453819	11603.044922
5440.288698	1.188080	0.445182	502.557770
5440.289710	1.716493	0.445182	2239.648682
5440.290764	1.684545	0.445182	4015.158691
5440.291661	1.637029	0.445182	5483.573242
5440.292581	1.589359	0.445182	6945.783691
5440.293669	1.536918	0.445182	8617.950195
5440.294619	1.492163	0.445182	10035.504883
5440.295497	0.792594	0.445182	10731.402344
5440.296545	0.093208	0.445182	10829.083984
5440.297568	0.090780	0.445182	10921.952148
5440.298457	0.090725	0.445182	11002.606445
5440.299427	0.090879	0.445182	11090.758789
5440.300490	0.090850	0.445182	11187.332031
5440.301416	0.090758	0.445182	11271.374023
5440.302274	0.090725	0.445182	11349.215820
5440.303337	0.090861	0.445182	11445.800781
5440.304320	0.090699	0.445182	11534.958008
5440.305206	0.090692	0.445182	11615.311523
5441.271739	1.194038	0.467656	507.466156
5441.272723	1.713933	0.467656	2193.976318
5441.273789	1.685325	0.467656	3990.532471
5441.274696	1.637124	0.467656	5475.404297
5441.275563	1.591798	0.467656	6855.493164
5441.276651	1.540118	0.467656	8531.141602
5441.277656	1.492299	0.467656	10030.901367
5441.278534	0.803276	0.467656	10736.177734
5441.279547	0.096321	0.467656	10833.750977
5441.280600	0.090656	0.467656	10929.210937
5441.281476	0.090710	0.467656	11008.672852
5441.282331	0.090831	0.467656	11086.333984
5441.283438	0.090798	0.467656	11186.847656
5441.284394	0.090663	0.467656	11273.521484
5441.285262	0.090707	0.467656	11352.254883
5441.286297	0.090765	0.467656	11446.197266
5441.287330	0.090769	0.467656	11539.961914
5441.288218	0.090740	0.467656	11620.539062
5442.325452	1.214315	0.458653	525.798462
5442.326329	1.715196	0.458653	2030.025757
5442.327360	1.691111	0.458653	3773.561035
5442.328264	1.643610	0.458653	5259.383789
5442.329142	1.598844	0.458653	6663.168945
5442.330116	1.551757	0.458653	8174.580078
5442.331091	1.505043	0.458653	9641.997070
5442.332018	1.118123	0.458653	10678.497070
5442.332885	0.128628	0.458653	10790.017578
5442.333924	0.090743	0.458653	10884.299805
5442.334823	0.090718	0.458653	10965.855469
5442.335703	0.090751	0.458653	11045.715820
5442.336607	0.090758	0.458653	11127.760742
5442.337624	0.090710	0.458653	11220.013672
5442.338523	0.090718	0.458653	11301.569336
5442.339411	0.090758	0.458653	11382.162109
5442.340402	0.090710	0.458653	11472.056641
5442.341315	0.090714	0.458653	11554.878906
5443.311052	1.199985	0.491842	523.193604
5443.311920	1.715109	0.491842	2011.907837
5443.312785	1.699482	0.491842	3481.960205
5443.313811	1.647327	0.491842	5172.117187
5443.314713	1.600378	0.491842	6615.658203
5443.315594	1.556711	0.491842	7987.121094
5443.316526	1.512737	0.491842	9396.992187
5443.317512	1.202417	0.491842	10582.575195
5443.318441	0.141958	0.491842	10714.454102
5443.319311	0.090652	0.491842	10793.321289
5443.320324	0.090692	0.491842	10885.192383
5443.321218	0.090707	0.491842	10966.284180
5443.322139	0.090699	0.491842	11049.818359
5443.322999	0.090784	0.491842	11127.892578
5443.324031	0.090677	0.491842	11221.471680
5443.324923	0.090634	0.491842	11302.316406
5443.325796	0.090663	0.491842	11381.464844
5443.326769	0.090736	0.491842	11469.750977
5444.360266	1.328492	0.463132	739.970276
5444.361161	1.719825	0.463132	2279.214111
5444.362028	1.692565	0.463132	3746.667725
5444.362895	1.644525	0.463132	5172.470703
5444.363957	1.592402	0.463132	6863.602051
5444.364851	1.548618	0.463132	8248.066406
5444.365731	1.507115	0.463132	9574.328125
5444.366718	1.070588	0.463132	10630.999023
5444.367662	0.112013	0.463132	10736.739258
5444.368589	0.090659	0.463132	10820.780273
5444.369450	0.090710	0.463132	10898.881836
5444.370492	0.090623	0.463132	10993.310547
5444.371373	0.090623	0.463132	11073.149414
5444.372244	0.090714	0.463132	11152.161133
5444.373220	0.090787	0.463132	11240.769531
5444.374186	0.090721	0.463132	11328.406250
5444.375084	0.090710	0.463132	11409.864258
5444.375965	0.090699	0.463132	11489.770508
5445.350379	1.251427	0.503943	585.667847
5445.351281	1.717683	0.503943	2135.018066
5445.352161	1.695938	0.503943	3627.443115
5445.353139	1.646261	0.503943	5237.486328
5445.354103	1.595603	0.503943	6775.647461
5445.355033	1.549929	0.503943	8217.082031
5445.355902	1.508547	0.503943	9528.009766
5445.356947	1.072727	0.503943	10649.009766
5445.357820	0.120839	0.503943	10754.501953
5445.358683	0.090586	0.503943	10832.677734
5445.359583	0.090685	0.503943	10914.293945
5445.360600	0.090645	0.503943	11006.479492
5445.361518	0.090615	0.503943	11089.664062
5445.362383	0.090604	0.503943	11168.037109
5445.363492	0.090688	0.503943	11268.610352
5445.364396	0.090656	0.503943	11350.562500
5445.365271	0.090652	0.503943	11429.882812
5445.366274	0.090765	0.503943	11520.920898
5446.394817	1.196287	0.471463	510.814362
5446.395738	1.713131	0.471463	2088.608154
5446.396826	1.688240	0.471463	3925.413086
5446.397707	1.640621	0.471463	5370.800293
5446.398569	1.596313	0.471463	6746.822266
5446.399590	1.545623	0.471463	8324.903320
5446.400571	1.500007	0.471463	9796.410156
5446.401456	1.032224	0.471463	10709.928711
5446.402339	0.115525	0.471463	10811.937500
5446.403437	0.090736	0.471463	10911.565430
5446.404327	0.090601	0.471463	10992.200195
5446.405190	0.090688	0.471463	11070.463867
5446.406232	0.090758	0.471463	11165.034180
5446.407198	0.090656	0.471463	11252.607422
5446.408126	0.090721	0.471463	11336.796875
5446.408989	0.090754	0.471463	11415.118164
5446.410100	0.090641	0.471463	11515.820312
5446.410976	0.090608	0.471463	11595.192383
5447.389713	1.273689	0.495786	645.760254
5447.390654	1.719771	0.495786	2264.064453
5447.391532	1.692440	0.495786	3750.026855
5447.392489	1.642918	0.495786	5322.298828
5447.393522	1.589707	0.495786	6964.466309
5447.394403	1.546571	0.495786	8326.995117
5447.395266	1.504698	0.495786	9625.549805
5447.396354	0.904977	0.495786	10610.164062
5447.397288	0.099016	0.495786	10702.645508
5447.398152	0.090623	0.495786	10780.943359
5447.399102	0.090769	0.495786	10867.173828
5447.400148	0.090688	0.495786	10962.034180
5447.401042	0.090604	0.495786	11043.034180
5447.401906	0.090677	0.495786	11121.379883
5447.402964	0.090747	0.495786	11217.390625
5447.403902	0.090630	0.495786	11302.401367
5447.404776	0.090747	0.495786	11381.713867
5447.405702	0.090787	0.495786	11465.783203
5448.429600	1.290795	0.480873	659.596130
5448.430526	1.720012	0.480873	2252.327393
5448.431388	1.692448	0.480873	3711.217285
5448.432466	1.637025	0.480873	5475.930664
5448.433481	1.585646	0.480873	7085.361328
5448.434361	1.542451	0.480873	8442.718750
5448.435348	1.496488	0.480873	9919.751953
5448.436401	0.670690	0.480873	10625.988281
5448.437308	0.092959	0.480873	10710.301758
5448.438164	0.090692	0.480873	10787.934570
5448.439243	0.090758	0.480873	10885.862305
5448.440234	0.090645	0.480873	10975.691406
5448.441104	0.090688	0.480873	11054.590820
5448.442082	0.090743	0.480873	11143.337891
5448.443132	0.090813	0.480873	11238.691406
5448.444036	0.090754	0.480873	11320.733398
5448.444904	0.090725	0.480873	11399.482422
5448.446000	0.090846	0.480873	11499.049805
5449.428500	1.248688	0.488664	643.074219
5449.429567	1.718580	0.488664	2476.799316
5449.430500	1.682531	0.488664	4046.600342
5449.431369	1.635333	0.488664	5467.705078
5449.432469	1.580815	0.488664	7206.602051
5449.433474	1.532358	0.488664	8746.622070
5449.434369	1.490094	0.488664	10080.255859
5449.435366	0.592811	0.488664	10671.289062
5449.436416	0.091025	0.488664	10766.865234
5449.437315	0.090652	0.488664	10848.361328
5449.438176	0.090699	0.488664	10926.453125
5449.439266	0.090743	0.488664	11025.363281
5449.440233	0.090663	0.488664	11113.034180
5449.441095	0.090641	0.488664	11191.166992
5449.442189	0.090696	0.488664	11290.388672
5449.443214	0.090667	0.488664	11383.322266
5449.444096	0.090714	0.488664	11463.332031
5449.445022	0.090758	0.488664	11547.374023
5450.467769	1.189625	0.457231	502.021851
5450.468801	1.717214	0.457231	2274.187012
5450.469838	1.683845	0.457231	4020.334473
5450.470726	1.637186	0.457231	5474.155762
5450.471690	1.588469	0.457231	7005.439941
5450.472762	1.535728	0.457231	8651.740234
5450.473693	1.491778	0.457231	10040.585937
5450.474564	0.791949	0.457231	10730.374023
5450.475636	0.092714	0.457231	10829.762695
5450.476629	0.090743	0.457231	10919.871094
5450.477517	0.090703	0.457231	11000.415039
5450.478485	0.090813	0.457231	11088.322266
5450.479541	0.090729	0.457231	11184.131836
5450.480454	0.090696	0.457231	11266.937500
5450.481316	0.090721	0.457231	11345.139648
5450.482396	0.090883	0.457231	11443.292969
5450.483384	0.090696	0.457231	11532.900391
5450.484276	0.090751	0.457231	11613.849609
5451.466710	1.209353	0.480148	541.790161
5451.467577	1.715515	0.480148	2029.141724
5451.468605	1.692283	0.480148	3768.808350
5451.469647	1.638179	0.480148	5475.790527
5451.470524	1.592043	0.480148	6872.012695
5451.471437	1.546117	0.480148	8283.617187
5451.472542	1.494976	0.480148	9935.565430
5451.473496	0.780139	0.480148	10679.818359
5451.474360	0.096929	0.480148	10763.564453
5451.475387	0.090864	0.480148	10856.881836
5451.476414	0.090732	0.480148	10950.064453
5451.477304	0.090685	0.480148	11030.774414
5451.478249	0.090743	0.480148	11116.527344
5451.479307	0.090835	0.480148	11212.630859
5451.480241	0.090751	0.480148	11297.391602
5451.481106	0.090784	0.480148	11375.919922
5451.482171	0.090813	0.480148	11472.635742
5451.483168	0.090685	0.480148	11563.048828
5452.503989	1.185586	0.454375	496.760468
5452.504975	1.713765	0.454375	2186.532471
5452.506037	1.685790	0.454375	3976.841309
5452.506949	1.637179	0.454375	5469.948730
5452.507817	1.591256	0.454375	6851.159180
5452.508904	1.539869	0.454375	8524.997070
5452.509870	1.493910	0.454375	9968.114258
5452.510754	0.857102	0.454375	10725.792969
5452.511782	0.097625	0.454375	10826.151367
5452.512818	0.090817	0.454375	10920.237305
5452.513703	0.090765	0.454375	11000.564453
5452.514576	0.090762	0.454375	11079.799805
5452.515660	0.090820	0.454375	11178.249023
5452.516627	0.090820	0.454375	11266.072266
5452.517483	0.090798	0.454375	11343.795898
5452.518544	0.090927	0.454375	11440.268555
5452.519583	0.090784	0.454375	11534.592773
5452.520455	0.090787	0.454375	11613.759766
5453.505571	1.297756	0.461662	667.046753
5453.506529	1.720367	0.461662	2315.158691
5453.507397	1.691367	0.461662	3783.265381
5453.508444	1.637084	0.461662	5497.291992
5453.509487	1.584100	0.461662	7149.508789
5453.510367	1.540499	0.461662	8505.148437
5453.511300	1.496697	0.461662	9901.566406
5453.512376	0.670994	0.461662	10623.555664
5453.513308	0.092556	0.461662	10709.818359
5453.514169	0.090743	0.461662	10787.948242
5453.515228	0.090813	0.461662	10884.119141
5453.516259	0.090743	0.461662	10977.675781
5453.517126	0.090707	0.461662	11056.318359
5453.518087	0.090831	0.461662	11143.607422
5453.519142	0.090842	0.461662	11239.446289
5453.520061	0.090765	0.461662	11322.859375
5453.520925	0.090740	0.461662	11401.258789
5453.521985	0.090780	0.461662	11497.485352
5454.541345	1.263105	0.447885	665.656555
5454.542399	1.718723	0.447885	2477.190674
5454.543312	1.683827	0.447885	4014.524658
5454.544177	1.637366	0.447885	5430.845703
5454.545253	1.583690	0.447885	7134.896484
5454.546268	1.534508	0.447885	8692.421875
5454.547148	1.492939	0.447885	10006.208984
5454.548167	0.656536	0.447885	10675.218750
5454.549208	0.091597	0.447885	10770.571289
5454.550085	0.090758	0.447885	10850.166016
5454.550949	0.090758	0.447885	10928.581055
5454.552035	0.090868	0.447885	11027.263672
5454.553008	0.090729	0.447885	11115.542969
5454.553888	0.090732	0.447885	11195.387695
5454.554888	0.090817	0.447885	11286.204102
5454.555934	0.090809	0.447885	11381.190430
5454.556830	0.090674	0.447885	11462.434570
5454.557690	0.090806	0.447885	11540.527344
5455.543232	1.196719	0.456598	513.392395
5455.544099	1.713951	0.456598	1999.388184
5455.545206	1.688295	0.456598	3868.330322
5455.546212	1.635373	0.456598	5513.516113
5455.547106	1.589872	0.456598	6934.861328
5455.548119	1.541070	0.456598	8495.965820
5455.549160	1.491918	0.456598	10049.051758
5455.550058	0.747129	0.456598	10719.973633
5455.550919	0.096138	0.456598	10802.748047
5455.552027	0.090813	0.456598	10903.369141
5455.552984	0.090688	0.456598	10990.158203
5455.553842	0.090729	0.456598	11068.003906
5455.554898	0.090868	0.456598	11163.959961
5455.555932	0.090692	0.456598	11257.735352
5455.556809	0.090659	0.456598	11337.243164
5455.557706	0.090659	0.456598	11418.564453
5455.558803	0.090769	0.456598	11518.137695
5455.559741	0.090604	0.456598	11603.124023
5456.578120	1.335249	0.449392	742.398499
5456.579172	1.719434	0.449392	2551.242676
5456.580062	1.683234	0.449392	4049.320557
5456.580976	1.634850	0.449392	5543.573242
5456.582069	1.580006	0.449392	7270.520020
5456.583012	1.534222	0.449392	8717.291992
5456.583882	1.492661	0.449392	10015.907227
5456.584957	0.560292	0.449392	10618.220703
5456.585964	0.090970	0.449392	10709.828125
5456.586849	0.090729	0.449392	10790.123047
5456.587831	0.090670	0.449392	10879.161133
5456.588870	0.090740	0.449392	10973.439453
5456.589783	0.090718	0.449392	11056.264648
5456.590644	0.090710	0.449392	11134.366211
5456.591712	0.090806	0.449392	11231.346680
5456.592714	0.090714	0.449392	11322.242187
5456.593581	0.090776	0.449392	11400.945312
5456.594550	0.090839	0.449392	11488.967773
5457.581600	1.292479	0.449472	665.626831
5457.582600	1.720353	0.449472	2385.979492
5457.583494	1.687954	0.449472	3895.010254
5457.584499	1.635937	0.449472	5539.127441
5457.585541	1.582727	0.449472	7188.329102
5457.586448	1.538141	0.449472	8583.422852
5457.587310	1.495356	0.449472	9872.419922
5457.588428	0.641210	0.449472	10589.291992
5457.589384	0.091531	0.449472	10676.794922
5457.590253	0.090641	0.449472	10755.561523
5457.591260	0.090754	0.449472	10846.951172
5457.592313	0.090696	0.449472	10942.454102
5457.593179	0.090623	0.449472	11020.933594
5457.594048	0.090743	0.449472	11099.790039
5457.595146	0.090798	0.449472	11199.486328
5457.596106	0.090630	0.449472	11286.491211
5457.596968	0.090776	0.449472	11364.740234
5457.598017	0.090831	0.449472	11460.022461
5458.616285	1.232465	0.440139	552.144165
5458.617151	1.714936	0.440139	2037.279175
5458.618248	1.688192	0.440139	3889.226074
5458.619248	1.635275	0.440139	5524.500977
5458.620127	1.590245	0.440139	6922.326660
5458.621145	1.541821	0.440139	8491.900391
5458.622195	1.492148	0.440139	10058.656250
5458.623078	0.752739	0.440139	10723.325195
5458.623948	0.096086	0.440139	10806.919922
5458.625052	0.090795	0.440139	10907.157227
5458.626018	0.090747	0.440139	10994.819336
5458.626889	0.090641	0.440139	11073.767578
5458.627902	0.090835	0.440139	11165.783203
5458.628943	0.090784	0.440139	11260.289062
5458.629828	0.090732	0.440139	11340.586914
5458.630749	0.090798	0.440139	11424.211914
5458.631806	0.090831	0.440139	11520.220703
5458.632754	0.090692	0.440139	11606.197266
5459.618817	1.253716	0.453206	619.335632
5459.619689	1.718035	0.453206	2117.461914
5459.620585	1.693502	0.453206	3634.839844
5459.621677	1.637794	0.453206	5423.311035
5459.622645	1.588931	0.453206	6961.395996
5459.623520	1.545919	0.453206	8314.075195
5459.624550	1.497074	0.453206	9856.061523
5459.625596	0.715550	0.453206	10604.527344
5459.626486	0.094142	0.453206	10688.313477
5459.627445	0.090769	0.453206	10775.361328
5459.628501	0.090754	0.453206	10871.198242
5459.629431	0.090729	0.453206	10955.576172
5459.630289	0.090802	0.453206	11033.484375
5459.631353	0.090798	0.453206	11130.093750
5459.632357	0.090685	0.453206	11221.141602
5459.633250	0.090718	0.453206	11302.152344
5459.634197	0.090883	0.453206	11388.217773
5459.635249	0.090743	0.453206	11483.679687
5460.654030	1.214341	0.438592	527.023926
5460.654897	1.714395	0.438592	2013.404053
5460.655886	1.694158	0.438592	3688.926025
5460.656813	1.646166	0.438592	5214.921875
5460.657695	1.600210	0.438592	6626.307129
5460.658617	1.554569	0.438592	8059.620117
5460.659555	1.509115	0.438592	9475.169922
5460.660480	1.247856	0.438592	10629.437500
5460.661358	0.162041	0.438592	10771.709961
5460.662390	0.090619	0.438592	10865.228516
5460.663292	0.090670	0.438592	10947.012695
5460.664211	0.090696	0.438592	11030.362305
5460.665076	0.090677	0.438592	11108.797852
5460.666066	0.090703	0.438592	11198.593750
5460.666986	0.090747	0.438592	11282.081055
5460.667850	0.090692	0.438592	11360.439453
5460.668885	0.090740	0.438592	11454.355469
5460.669764	0.090736	0.438592	11534.112305
5461.656562	1.267321	0.438886	600.709900
5461.657436	1.717288	0.438886	2101.619385
5461.658452	1.691660	0.438886	3820.346191
5461.659354	1.642731	0.438886	5302.089355
5461.660259	1.596431	0.438886	6746.859375
5461.661139	1.551390	0.438886	8112.083008
5461.662180	1.503603	0.438886	9677.333984
5461.663077	1.104943	0.438886	10668.467773
5461.663999	0.119579	0.438886	10778.719727
5461.664861	0.090648	0.438886	10856.858398
5461.665863	0.090762	0.438886	10947.801758
5461.666775	0.090677	0.438886	11030.500000
5461.667638	0.090743	0.438886	11108.811523
5461.668667	0.090780	0.438886	11202.224609
5461.669543	0.090696	0.438886	11281.673828
5461.670405	0.090732	0.438886	11359.884766
5461.671316	0.090747	0.438886	11442.555664
5461.672331	0.090725	0.438886	11534.641602
5462.691837	1.250383	0.428239	611.437439
5462.692722	1.717841	0.428239	2131.726318
5462.693596	1.696036	0.428239	3614.062012
5462.694494	1.648063	0.428239	5094.022461
5462.695527	1.595885	0.428239	6742.571777
5462.696419	1.552126	0.428239	8127.068359
5462.697287	1.511049	0.428239	9438.658203
5462.698296	1.141124	0.428239	10590.052734
5462.699217	0.130928	0.428239	10710.636719
5462.700133	0.090645	0.428239	10793.666992
5462.701010	0.090787	0.428239	10873.287109
5462.702046	0.090670	0.428239	10967.221680
5462.702935	0.090685	0.428239	11047.840820
5462.703810	0.090754	0.428239	11127.250977
5462.704776	0.090853	0.428239	11215.015625
5462.705734	0.090699	0.428239	11301.905273
5462.706657	0.090685	0.428239	11385.607422
5462.707518	0.090751	0.428239	11463.744141
5463.692249	1.214095	0.445323	534.202026
5463.693123	1.715394	0.445323	2033.456665
5463.693983	1.699032	0.445323	3494.624268
5463.695030	1.645569	0.445323	5217.535156
5463.695938	1.598130	0.445323	6668.637207
5463.696817	1.554811	0.445323	8035.315918
5463.697682	1.511448	0.445323	9342.718750
5463.698749	1.176368	0.445323	10597.904297
5463.699647	0.135015	0.445323	10719.147461
5463.700519	0.090648	0.445323	10798.192383
5463.701523	0.090776	0.445323	10889.332031
5463.702445	0.090710	0.445323	10972.966797
5463.703367	0.090692	0.445323	11056.584961
5463.704226	0.090758	0.445323	11134.545898
5463.705249	0.090645	0.445323	11227.275391
5463.706128	0.090696	0.445323	11306.997070
5463.706992	0.090645	0.445323	11385.313477
5463.707962	0.090798	0.445323	11473.387695
5464.731184	1.264948	0.420674	689.396423
5464.732146	1.719697	0.420674	2343.745117
5464.733081	1.687291	0.420674	3921.362305
5464.733943	1.641009	0.420674	5335.912598
5464.734964	1.589388	0.420674	6958.678223
5464.735871	1.544656	0.420674	8359.680664
5464.736746	1.503376	0.420674	9675.134766
5464.737655	1.026636	0.420674	10608.346680
5464.738669	0.101968	0.420674	10711.742187
5464.739581	0.090762	0.420674	10794.516602
5464.740473	0.090747	0.420674	10875.462891
5464.741477	0.090813	0.420674	10966.638672
5464.742386	0.090769	0.420674	11049.147461
5464.743304	0.090732	0.420674	11132.439453
5464.744166	0.090729	0.420674	11210.647461
5464.745211	0.090729	0.420674	11305.458984
5464.746094	0.090798	0.420674	11385.633789
5464.746960	0.090765	0.420674	11464.236328
5465.729464	1.186340	0.448840	498.262939
5465.730337	1.712864	0.448840	1993.593018
5465.731444	1.688829	0.448840	3863.126953
5465.732352	1.640673	0.448840	5352.857422
5465.733223	1.596116	0.448840	6743.074219
5465.734307	1.543136	0.448840	8415.833984
5465.735278	1.497349	0.448840	9869.759766
5465.736159	0.962677	0.448840	10717.877930
5465.737014	0.108248	0.448840	10810.430664
5465.738131	0.090736	0.448840	10911.783203
5465.739017	0.090696	0.448840	10992.139648
5465.739877	0.090806	0.448840	11070.232422
5465.740973	0.090820	0.448840	11169.771484
5465.741936	0.090729	0.448840	11257.143555
5465.742806	0.090696	0.448840	11336.048828
5465.743660	0.090842	0.448840	11413.627930
5465.744795	0.090765	0.448840	11516.646484
5465.745667	0.090703	0.448840	11595.739258
