crossing time (s)	slope (V/s)	crossing number
4289.043869	5.655576	2633
4290.050692	5.141514	2634
4291.076087	5.415393	2635
4292.087605	4.780245	2636
4293.114698	5.151045	2637
4294.123483	5.491107	2638
4295.154147	5.959661	2639
4296.160483	6.634641	2640
4297.192518	6.407708	2641
4298.200541	6.785671	2642
4299.233203	6.115718	2643
4300.237785	6.679044	2644
4301.272289	5.948675	2645
4302.271518	6.695644	2646
4303.308659	6.077823	2647
4304.309635	7.109808	2648
4305.345766	6.284124	2649
4306.348250	7.249668	2650
4307.382237	6.150184	2651
4308.387401	7.141452	2652
4309.418442	6.469399	2653
4310.425685	6.973341	2654
4311.453019	6.809848	2655
4312.465178	6.729087	2656
4313.489400	6.522224	2657
4314.503036	6.452257	2658
4315.530484	6.285653	2659
4316.538412	6.368871	2660
4317.572245	6.958094	2661
4318.572966	6.622300	2662
4319.615092	8.100204	2663
4320.608801	7.243902	2664
4321.651998	8.456457	2665
4322.645603	7.421899	2666
4323.690405	7.762544	2667
4324.683024	7.125824	2668
4325.724753	7.033700	2669
4326.723541	6.559335	2670
4327.759936	7.230285	2671
4328.766730	7.162944	2672
4329.794971	7.967371	2673
4330.805470	7.984733	2674
4331.831074	8.594293	2675
4332.843826	8.159720	2676
4333.867645	8.101816	2677
4334.880174	7.828616	2678
4335.906954	7.521097	2679
4336.915036	7.567938	2680
4337.946285	7.200368	2681
4338.951961	7.430637	2682
4339.984377	7.436850	2683
4340.990549	7.637417	2684
4342.022968	7.990762	2685
4343.028781	7.693126	2686
4344.059500	8.175532	2687
4345.067122	7.915979	2688
4346.095002	8.189995	2689
4347.107160	7.999878	2690
4348.131731	8.157922	2691
4349.145585	8.138892	2692
4350.169645	8.293394	2693
4351.182525	8.406950	2694
4352.207464	9.032936	2695
4353.218859	9.261162	2696
4354.243916	9.602273	2697
4355.256166	9.923288	2698
4356.284274	9.234063	2699
4357.291067	9.482485	2700
4358.326835	8.490171	2701
4359.324431	8.731018	2702
4360.367872	8.314972	2703
4361.360212	8.181225	2704
4362.405695	9.273283	2705
4363.400364	8.633601	2706
4364.439381	10.235279	2707
4365.440618	9.390248	2708
4366.474595	10.175684	2709
4367.480448	9.795191	2710
4368.509322	9.746567	2711
4369.520115	9.143511	2712
4370.544190	8.991716	2713
4371.558067	8.861623	2714
4372.582461	8.818963	2715
4373.596159	9.230697	2716
4374.620280	9.413100	2717
4375.634348	9.690796	2718
4376.657140	10.440359	2719
4377.671117	10.444299	2720
4378.694995	11.091283	2721
4379.708900	11.012478	2722
4380.730642	11.371244	2723
4381.745926	11.576239	2724
4382.767904	11.656141	2725
4383.783919	11.706198	2726
4384.805048	11.677963	2727
4385.820773	11.486209	2728
4386.843119	11.420721	2729
4387.858512	10.938956	2730
4388.882048	10.692285	2731
4389.893779	10.219052	2732
4390.920625	9.932111	2733
4391.931165	9.666783	2734
4392.965463	9.902022	2735
4393.966156	9.629519	2736
4395.003795	10.649837	2737
4396.003037	10.038114	2738
4397.041841	11.406954	2739
4398.037836	10.572400	2740
4399.078989	11.616686	2741
4400.075408	10.482209	2742
4401.115242	11.206301	2743
4402.112760	10.262034	2744
4403.151115	10.816984	2745
4404.152413	9.817236	2746
4405.186246	10.674076	2747
4406.193644	10.149232	2748
4407.222562	11.134979	2749
4408.232989	10.884889	2750
4409.257743	11.299244	2751
4410.267690	11.078716	2752
4411.292840	11.381358	2753
4412.305143	11.096951	2754
4413.328205	11.012327	2755
4414.341397	10.925039	2756
4415.362618	10.472321	2757
4416.378074	10.929560	2758
4417.400168	10.237574	2759
4418.413826	10.356331	2760
4419.437550	10.065969	2761
4420.451428	10.246113	2762
4421.475905	10.222410	2763
4422.489031	9.934819	2764
4423.511612	9.869881	2765
4424.524645	9.801135	2766
4425.550445	10.038667	2767
4426.559877	10.103367	2768
4427.588397	10.354389	2769
4428.594643	10.081124	2770
4429.625227	10.424138	2771
4430.631002	10.179547	2772
4431.663762	10.341689	2773
4432.664644	10.257484	2774
4433.703090	10.079320	2775
4434.700903	10.156138	2776
4435.741749	9.964805	2777
4436.736574	9.931050	2778
4437.779227	10.193598	2779
4438.773134	9.969414	2780
4439.812907	10.220944	2781
4440.810168	10.084216	2782
4441.847859	10.145649	2783
4442.848606	10.090844	2784
4443.884146	9.820585	2785
4444.886697	10.085204	2786
4445.918820	9.941426	2787
4446.924032	9.836388	2788
4447.953692	9.970741	2789
4448.962806	9.727188	2790
4449.989973	9.949589	2791
4451.000916	9.835849	2792
4452.024902	9.842694	2793
4453.036400	9.909094	2794
4454.062325	9.761130	2795
4455.073753	9.855630	2796
4456.099041	9.752614	2797
4457.109403	9.857862	2798
4458.135953	9.797816	2799
4459.146662	9.830956	2800
4460.173080	9.778449	2801
4461.183940	9.599058	2802
4462.210882	9.678275	2803
4463.217921	9.584779	2804
4464.248352	9.280613	2805
4465.251777	9.832338	2806
4466.286366	9.681539	2807
4467.288440	9.424896	2808
4468.325279	9.252323	2809
4469.323197	9.552067	2810
4470.363618	9.248147	2811
4471.359875	9.626052	2812
4472.401832	9.740220	2813
4473.394815	9.400804	2814
4474.438444	9.571214	2815
4475.433294	9.341771	2816
4476.475022	9.414641	2817
4477.469947	9.316293	2818
4478.510117	9.346945	2819
4479.507310	9.369105	2820
4480.544705	9.535801	2821
4481.547112	9.305290	2822
4482.581131	9.417331	2823
4483.584721	9.426572	2824
4484.615648	9.426233	2825
4485.622535	9.353971	2826
4486.652199	9.408082	2827
4487.659336	9.307503	2828
4488.687010	9.414810	2829
4489.696676	9.396145	2830
4490.724135	9.343950	2831
4491.733650	9.333471	2832
4492.762044	9.190741	2833
4493.768588	9.447970	2834
4494.798541	9.078244	2835
4495.805264	9.020238	2836
4496.834966	9.106203	2837
4497.842496	8.987767	2838
4498.872657	9.047448	2839
4499.878226	9.113290	2840
4500.909977	8.767494	2841
4501.912024	9.308393	2842
4502.947130	8.985545	2843
4503.946948	9.088456	2844
4504.987154	9.334854	2845
4505.982443	9.321158	2846
4507.023878	9.256006	2847
4508.016835	9.005775	2848
4509.062182	9.009231	2849
4510.052848	8.846175	2850
4511.097642	8.920634	2851
4512.091449	8.800611	2852
4513.133602	8.934378	2853
4514.127713	8.966880	2854
4515.169790	8.965633	2855
4516.164645	8.964001	2856
4517.203742	8.862307	2857
4518.203079	8.889370	2858
4519.239945	8.904728	2859
4520.241554	8.880528	2860
4521.275794	8.800372	2861
4522.279450	8.783405	2862
4523.311179	8.765032	2863
4524.315933	8.696584	2864
4525.345944	8.800895	2865
4526.354217	8.667129	2866
4527.383511	8.803805	2867
4528.390305	8.705584	2868
4529.420749	8.820367	2869
4530.427004	8.734540	2870
4531.457104	8.732141	2871
4532.461954	8.680536	2872
4533.492924	8.809185	2873
4534.499595	8.578840	2874
4535.530580	8.703313	2875
4536.534800	8.595770	2876
4537.569269	8.558967	2877
4538.569995	8.654092	2878
4539.606687	8.641765	2879
4540.605418	8.640788	2880
4541.644686	8.654862	2881
4542.638284	8.686377	2882
4543.683675	8.574780	2883
4544.674677	8.595839	2884
4545.720357	8.596703	2885
4546.711242	8.481576	2886
4547.756479	8.482575	2887
4548.748565	8.473075	2888
4549.793568	8.484513	2889
4550.784912	8.526796	2890
4551.830667	8.460872	2891
4552.821289	8.556589	2892
4553.865286	8.444298	2893
4554.860532	8.450115	2894
4555.899431	8.385610	2895
4556.897874	8.443539	2896
4557.935652	8.302141	2897
4558.934414	8.403172	2898
4559.972808	8.274225	2899
4560.972522	8.349179	2900
4562.008548	8.282843	2901
4563.009645	8.471760	2902
4564.045328	8.295896	2903
4565.046214	8.409902	2904
4566.080766	8.209937	2905
4567.082063	8.332615	2906
4568.118545	8.088125	2907
4569.118986	8.302999	2908
4570.156160	8.171900	2909
4571.155522	8.299139	2910
4572.193240	8.088946	2911
4573.190833	8.317659	2912
4574.229741	8.076270	2913
4575.225764	8.303431	2914
4576.268675	8.038260	2915
4577.260729	8.270335	2916
4578.307221	8.151570	2917
4579.295937	8.206848	2918
4580.342401	8.216134	2919
4581.332239	8.071096	2920
4582.380680	8.167667	2921
4583.369362	8.020940	2922
4584.416679	8.117034	2923
4585.405549	8.082881	2924
4586.453330	7.995023	2925
4587.441471	8.209160	2926
4588.488048	8.167891	2927
4589.481249	8.150283	2928
4590.523272	8.055624	2929
4591.519057	7.999207	2930
4592.558548	7.876059	2931
4593.555886	8.035603	2932
4594.595189	7.999628	2933
4595.591217	7.961069	2934
4596.630603	8.077554	2935
4597.629282	7.898765	2936
4598.667081	7.985030	2937
4599.667410	7.878691	2938
4600.702251	7.933135	2939
4601.704042	7.857436	2940
4602.739386	7.888798	2941
4603.740597	7.907056	2942
4604.776688	7.748002	2943
4605.776122	7.900257	2944
4606.814854	7.859208	2945
4607.813654	7.754436	2946
4608.851785	7.868276	2947
4609.849593	7.842448	2948
4610.888612	7.823523	2949
