time (s)	coil I (A)	last det (V)	int current (uC)
4292.225335	1.313265	0.405370	673.705139
4292.226250	1.722151	0.405370	2249.473145
4292.227112	1.694121	0.405370	3709.805420
4292.228219	1.637622	0.405370	5522.652832
4292.229229	1.585686	0.405370	7124.195801
4292.230113	1.542696	0.405370	8487.939453
4292.231120	1.495789	0.405370	9994.198242
4292.232188	0.618175	0.405370	10654.409180
4292.233070	0.092172	0.405370	10735.704102
4292.233926	0.090560	0.405370	10813.223633
4292.235035	0.090630	0.405370	10913.732422
4292.235997	0.090634	0.405370	11000.921875
4292.236864	0.090579	0.405370	11079.453125
4292.237885	0.090729	0.405370	11172.086914
4292.238926	0.090615	0.405370	11266.416992
4292.239816	0.090652	0.405370	11347.096680
4292.240713	0.090604	0.405370	11428.369141
4292.241799	0.090718	0.405370	11526.888672
4293.253813	1.208247	0.428191	505.047272
4293.254923	1.720086	0.428191	2414.342285
4293.255888	1.686314	0.428191	4041.634766
4293.256751	1.640581	0.428191	5457.456055
4293.257789	1.586993	0.428191	7104.754883
4293.258854	1.536581	0.428191	8741.212891
4293.259733	1.493752	0.428191	10054.221680
4293.260675	0.744115	0.428191	10755.177734
4293.261745	0.091798	0.428191	10853.401367
4293.262689	0.090579	0.428191	10938.907227
4293.263556	0.090652	0.428191	11017.501953
4293.264592	0.090776	0.428191	11111.545898
4293.265619	0.090597	0.428191	11204.588867
4293.266513	0.090549	0.428191	11285.540039
4293.267489	0.090696	0.428191	11374.059570
4293.268535	0.090674	0.428191	11468.904297
4293.269460	0.090685	0.428191	11552.788086
4293.270321	0.090579	0.428191	11630.776367
4294.261046	1.325746	0.432799	727.834473
4294.262099	1.721591	0.432799	2540.669434
4294.263000	1.685255	0.432799	4059.084473
4294.263949	1.635916	0.432799	5611.568359
4294.265024	1.580874	0.432799	7311.007812
4294.265974	1.534878	0.432799	8769.141602
4294.266839	1.493247	0.432799	10060.800781
4294.267915	0.531841	0.432799	10633.061523
4294.268921	0.090809	0.432799	10724.416016
4294.269802	0.090597	0.432799	10804.231445
4294.270789	0.090670	0.432799	10893.722656
4294.271828	0.090571	0.432799	10987.826172
4294.272738	0.090579	0.432799	11070.252930
4294.273596	0.090648	0.432799	11148.029297
4294.274677	0.090718	0.432799	11246.095703
4294.275673	0.090648	0.432799	11336.380859
4294.276546	0.090604	0.432799	11415.478516
4294.277535	0.090699	0.432799	11505.180664
4295.292369	1.204497	0.465179	529.978699
4295.293231	1.716888	0.465179	2009.936523
4295.294256	1.694052	0.465179	3746.339355
4295.295313	1.639651	0.465179	5479.450195
4295.296193	1.593816	0.465179	6882.008301
4295.297123	1.547941	0.465179	8321.592773
4295.298207	1.496499	0.465179	9943.797852
4295.299164	0.774609	0.465179	10685.098633
4295.300030	0.096672	0.465179	10768.817383
4295.301089	0.090710	0.465179	10864.879883
4295.302103	0.090656	0.465179	10956.804687
4295.302989	0.090571	0.465179	11037.050781
4295.303955	0.090685	0.465179	11124.652344
4295.305004	0.090623	0.465179	11219.715820
4295.305928	0.090590	0.465179	11303.420898
4295.306787	0.090623	0.465179	11381.265625
4295.307851	0.090784	0.465179	11477.859375
4295.308851	0.090586	0.465179	11568.445312
4296.297514	1.306575	0.456111	685.951721
4296.298555	1.721693	0.456111	2478.234131
4296.299453	1.687042	0.456111	3993.197998
4296.300391	1.638113	0.456111	5529.748047
4296.301453	1.583595	0.456111	7211.525879
4296.302398	1.537775	0.456111	8664.722656
4296.303262	1.496367	0.456111	9957.583984
4296.304316	0.657338	0.456111	10650.417969
4296.305341	0.091472	0.456111	10744.176758
4296.306216	0.090652	0.456111	10823.497070
4296.307190	0.090692	0.456111	10911.831055
4296.308243	0.090751	0.456111	11007.391602
4296.309152	0.090619	0.456111	11089.764648
4296.310009	0.090714	0.456111	11167.506836
4296.311065	0.090773	0.456111	11263.363281
4296.312070	0.090623	0.456111	11354.438477
4296.312958	0.090663	0.456111	11434.947266
4296.313940	0.090707	0.456111	11524.021484
4297.333180	1.196144	0.479435	505.968842
4297.334255	1.719485	0.479435	2354.415039
4297.335264	1.685186	0.479435	4054.767090
4297.336149	1.638248	0.479435	5504.616699
4297.337159	1.587872	0.479435	7108.367676
4297.338214	1.536028	0.479435	8728.876953
4297.339122	1.492731	0.479435	10084.276367
4297.339991	0.758533	0.479435	10743.441406
4297.341082	0.092457	0.479435	10844.312500
4297.342076	0.090597	0.479435	10934.366211
4297.342946	0.090659	0.479435	11013.239258
4297.343937	0.090769	0.479435	11103.191406
4297.344994	0.090721	0.479435	11199.083984
4297.345892	0.090630	0.479435	11280.469727
4297.346768	0.090604	0.479435	11359.838867
4297.347868	0.090688	0.479435	11459.595703
4297.348826	0.090579	0.479435	11546.370117
4297.349696	0.090612	0.479435	11625.202148
4298.335191	1.232355	0.441424	558.256714
4298.336071	1.718309	0.441424	2070.369141
4298.337047	1.695699	0.441424	3725.371826
4298.338091	1.640786	0.441424	5438.352539
4298.339005	1.593278	0.441424	6894.608398
4298.339871	1.549658	0.441424	8236.612305
4298.340966	1.499224	0.441424	9878.261719
4298.341970	0.777290	0.441424	10658.661133
4298.342846	0.096570	0.441424	10743.255859
4298.343855	0.090674	0.441424	10834.746094
4298.344899	0.090670	0.441424	10929.405273
4298.345779	0.090630	0.441424	11009.159180
4298.346634	0.090692	0.441424	11086.701172
4298.347745	0.090732	0.441424	11187.504883
4298.348702	0.090604	0.441424	11274.212891
4298.349568	0.090652	0.441424	11352.717773
4298.350606	0.090787	0.441424	11446.955078
4298.351651	0.090685	0.441424	11541.720703
4299.372473	1.190958	0.465686	502.584381
4299.373418	1.714230	0.465686	2122.531494
4299.374492	1.688038	0.465686	3935.484863
4299.375431	1.638647	0.465686	5474.174805
4299.376305	1.593058	0.465686	6866.507324
4299.377370	1.541770	0.465686	8508.492187
4299.378381	1.493668	0.465686	10018.590820
4299.379280	0.788789	0.465686	10727.711914
4299.380251	0.096650	0.465686	10821.559570
4299.381299	0.090670	0.465686	10916.582031
4299.382215	0.090604	0.465686	10999.575195
4299.383076	0.090615	0.465686	11077.594727
4299.384171	0.090597	0.465686	11176.798828
4299.385167	0.090535	0.465686	11266.971680
4299.386058	0.090619	0.465686	11347.712891
4299.387050	0.090743	0.465686	11437.730469
4299.388088	0.090718	0.465686	11531.895508
4299.388984	0.090674	0.465686	11613.139648
4300.372418	1.198480	0.426180	514.148010
4300.373387	1.714929	0.426180	2175.914307
4300.374461	1.687500	0.426180	3988.289307
4300.375375	1.638713	0.426180	5486.073242
4300.376239	1.593373	0.426180	6862.747070
4300.377310	1.542312	0.426180	8514.563477
4300.378332	1.493767	0.426180	10041.193359
4300.379209	0.800647	0.426180	10743.360352
4300.380202	0.096823	0.426180	10839.504883
4300.381259	0.090740	0.426180	10935.416992
4300.382168	0.090645	0.426180	11017.812500
4300.383036	0.090677	0.426180	11096.520508
4300.384133	0.090765	0.426180	11196.089844
4300.385102	0.090641	0.426180	11283.920898
4300.385983	0.090659	0.426180	11363.791992
4300.386983	0.090754	0.426180	11454.545898
4300.388043	0.090688	0.426180	11550.675781
4300.388930	0.090579	0.426180	11631.018555
4301.411338	1.271309	0.445045	631.840332
4301.412224	1.719873	0.445045	2155.647949
4301.413124	1.694575	0.445045	3680.765625
4301.414227	1.638589	0.445045	5488.128906
4301.415158	1.590487	0.445045	6968.872559
4301.416035	1.547245	0.445045	8325.806641
4301.417066	1.498557	0.445045	9870.819336
4301.418099	0.732993	0.445045	10628.000977
4301.418984	0.094713	0.445045	10711.822266
4301.419934	0.090648	0.445045	10797.938477
4301.420993	0.090703	0.445045	10893.993164
4301.421928	0.090634	0.445045	10978.735352
4301.422788	0.090681	0.445045	11056.720703
4301.423854	0.090688	0.445045	11153.394531
4301.424859	0.090608	0.445045	11244.455078
4301.425749	0.090593	0.445045	11325.083008
4301.426732	0.090758	0.445045	11414.297852
4301.427779	0.090685	0.445045	11509.245117
4302.407683	1.257217	0.446499	617.293457
4302.408586	1.720280	0.446499	2170.706055
4302.409453	1.695286	0.446499	3640.518555
4302.410549	1.639816	0.446499	5437.756836
4302.411546	1.588616	0.446499	7021.606934
4302.412442	1.544780	0.446499	8405.730469
4302.413447	1.497814	0.446499	9911.033203
4302.414506	0.690212	0.446499	10641.967773
4302.415393	0.093160	0.446499	10724.600586
4302.416267	0.090656	0.446499	10803.833984
4302.417376	0.090681	0.446499	10904.399414
4302.418342	0.090553	0.446499	10991.874023
4302.419204	0.090612	0.446499	11069.981445
4302.420225	0.090776	0.446499	11162.664062
4302.421271	0.090692	0.446499	11257.528320
4302.422140	0.090703	0.446499	11336.349609
4302.423047	0.090736	0.446499	11418.647461
4302.424108	0.090751	0.446499	11514.933594
4303.448515	1.204285	0.453871	517.842407
4303.449392	1.715848	0.453871	2022.641357
4303.450467	1.690203	0.453871	3839.609131
4303.451465	1.637750	0.453871	5474.083984
4303.452359	1.592629	0.453871	6897.894531
4303.453350	1.544374	0.453871	8428.369141
4303.454409	1.494690	0.453871	10011.246094
4303.455310	0.790847	0.453871	10723.799805
4303.456189	0.097441	0.453871	10809.451172
4303.457283	0.090696	0.453871	10908.672852
4303.458242	0.090615	0.453871	10995.573242
4303.459103	0.090652	0.453871	11073.624023
4303.460163	0.090743	0.453871	11169.812500
4303.461197	0.090604	0.453871	11263.497070
4303.462074	0.090659	0.453871	11343.004883
4303.463020	0.090663	0.453871	11428.771484
4303.464063	0.090718	0.453871	11523.389648
4303.465003	0.090612	0.453871	11608.564453
4304.444868	1.196591	0.459672	518.123718
4304.445735	1.715808	0.459672	2005.729492
4304.446794	1.692034	0.459672	3797.593262
4304.447812	1.638567	0.459672	5465.654297
4304.448704	1.593105	0.459672	6886.704102
4304.449672	1.546516	0.459672	8383.731445
4304.450721	1.496426	0.459672	9953.482422
4304.451644	0.818888	0.459672	10709.316406
4304.452500	0.098804	0.459672	10793.892578
4304.453569	0.090861	0.459672	10891.022461
4304.454580	0.090648	0.459672	10982.667969
4304.455453	0.090645	0.459672	11061.800781
4304.456422	0.090732	0.459672	11149.720703
4304.457484	0.090699	0.459672	11246.043945
4304.458382	0.090645	0.459672	11327.442383
4304.459244	0.090645	0.459672	11405.578125
4304.460323	0.090670	0.459672	11503.411133
4304.461318	0.090634	0.459672	11593.591797
4305.485751	1.195701	0.465726	504.585724
4305.486832	1.719584	0.465726	2363.455811
4305.487824	1.685061	0.465726	4035.036133
4305.488716	1.638395	0.465726	5496.484375
4305.489711	1.588129	0.465726	7076.672363
4305.490749	1.537408	0.465726	8672.501953
4305.491652	1.494210	0.465726	10021.773437
4305.492517	0.821184	0.465726	10732.097656
4305.493619	0.093212	0.465726	10834.817383
4305.494607	0.090601	0.465726	10924.331055
4305.495484	0.090542	0.465726	11003.736328
4305.496483	0.090707	0.465726	11094.352539
4305.497535	0.090652	0.465726	11189.718750
4305.498400	0.090685	0.465726	11268.161133
4305.499264	0.090630	0.465726	11346.465820
4305.500369	0.090685	0.465726	11446.672852
4305.501326	0.090623	0.465726	11533.398437
4305.502196	0.090615	0.465726	11612.233398
4306.483730	1.275483	0.460997	647.945557
4306.484665	1.721202	0.460997	2257.269775
4306.485533	1.694106	0.460997	3727.754150
4306.486579	1.639534	0.460997	5442.706055
4306.487601	1.587499	0.460997	7065.129883
4306.488501	1.543480	0.460997	8454.261719
4306.489466	1.498630	0.460997	9900.440430
4306.490529	0.681910	0.460997	10625.311523
4306.491459	0.092574	0.460997	10711.406250
4306.492321	0.090667	0.460997	10789.560547
4306.493388	0.090784	0.460997	10886.426758
4306.494385	0.090725	0.460997	10976.879883
4306.495259	0.090597	0.460997	11056.061523
4306.496252	0.090736	0.460997	11146.162109
4306.497304	0.090769	0.460997	11241.651367
4306.498207	0.090699	0.460997	11323.552734
4306.499063	0.090699	0.460997	11401.191406
4306.500156	0.090820	0.460997	11500.458008
4307.522552	1.222650	0.460111	592.985352
4307.523627	1.719558	0.460111	2441.510254
4307.524583	1.684036	0.460111	4051.448242
4307.525452	1.637736	0.460111	5474.640625
4307.526503	1.584419	0.460111	7139.864746
4307.527534	1.534779	0.460111	8722.221680
4307.528433	1.491932	0.460111	10063.468750
4307.529416	0.657345	0.460111	10709.638672
4307.530462	0.091359	0.460111	10805.200195
4307.531378	0.090707	0.460111	10888.288086
4307.532241	0.090663	0.460111	10966.530273
4307.533300	0.090692	0.460111	11062.573242
4307.534297	0.090663	0.460111	11152.963867
4307.535172	0.090743	0.460111	11232.364258
4307.536171	0.090754	0.460111	11323.028320
4307.537223	0.090688	0.460111	11418.432617
4307.538127	0.090670	0.460111	11500.398437
4307.538983	0.090718	0.460111	11578.052734
4308.524024	1.262446	0.456945	612.286438
4308.524904	1.719001	0.456945	2125.007568
4308.525843	1.694989	0.456945	3716.602051
4308.526907	1.639285	0.456945	5460.800781
4308.527846	1.591106	0.456945	6954.849121
4308.528709	1.548574	0.456945	8291.268555
4308.529767	1.499246	0.456945	9877.470703
4308.530794	0.759320	0.456945	10657.291992
4308.531664	0.095643	0.456945	10740.501953
4308.532635	0.090743	0.456945	10828.614258
4308.533690	0.090692	0.456945	10924.294922
4308.534612	0.090674	0.456945	11007.896484
4308.535476	0.090674	0.456945	11086.238281
4308.536565	0.090802	0.456945	11185.122070
4308.537559	0.090623	0.456945	11275.201172
4308.538447	0.090663	0.456945	11355.709961
4308.539420	0.090798	0.456945	11444.056641
4308.540480	0.090751	0.456945	11540.251953
4309.556254	1.287748	0.470855	656.751404
4309.557288	1.720715	0.470855	2435.970947
4309.558180	1.687537	0.470855	3941.253418
4309.559145	1.637498	0.470855	5521.438477
4309.560212	1.582636	0.470855	7210.110352
4309.561141	1.537493	0.470855	8638.441406
4309.562010	1.495503	0.470855	9938.033203
4309.563094	0.617194	0.470855	10607.071289
4309.564085	0.091278	0.470855	10697.528320
4309.564977	0.090652	0.470855	10778.389648
4309.565960	0.090776	0.470855	10867.623047
4309.567005	0.090795	0.470855	10962.503906
4309.567908	0.090747	0.470855	11044.448242
4309.568767	0.090776	0.470855	11122.424805
4309.569852	0.090868	0.470855	11221.016602
4309.570846	0.090707	0.470855	11311.178711
4309.571721	0.090648	0.470855	11390.496094
4309.572708	0.090828	0.470855	11480.142578
4310.563361	1.290703	0.470089	667.293518
4310.564299	1.721169	0.470089	2281.750488
4310.565161	1.693052	0.470089	3741.161133
4310.566234	1.637944	0.470089	5498.675293
4310.567263	1.585558	0.470089	7130.214355
4310.568139	1.542162	0.470089	8481.148437
4310.569120	1.496462	0.470089	9949.177734
4310.570182	0.633252	0.470089	10621.691406
4310.571088	0.092351	0.470089	10705.361328
4310.571955	0.090688	0.470089	10783.988281
4310.573028	0.090868	0.470089	10881.489258
4310.574031	0.090681	0.470089	10972.442383
4310.574918	0.090725	0.470089	11052.916016
4310.575904	0.090725	0.470089	11142.371094
4310.576970	0.090688	0.470089	11239.044922
4310.577871	0.090710	0.470089	11320.775391
4310.578734	0.090688	0.470089	11399.039062
4310.579853	0.090765	0.470089	11500.605469
4311.591366	1.201740	0.488978	520.353210
4311.592347	1.714717	0.488978	2202.490479
4311.593402	1.686841	0.488978	3982.107422
4311.594317	1.638160	0.488978	5481.024414
4311.595184	1.592853	0.488978	6862.027832
4311.596271	1.540983	0.488978	8537.076172
4311.597274	1.493269	0.488978	10034.825195
4311.598159	0.796370	0.488978	10739.612305
4311.599165	0.096306	0.488978	10836.496094
4311.600221	0.090736	0.488978	10932.313477
4311.601098	0.090667	0.488978	11011.828125
4311.601964	0.090754	0.488978	11090.421875
4311.603067	0.090780	0.488978	11190.552734
4311.604042	0.090692	0.488978	11278.977539
4311.604909	0.090674	0.488978	11357.591797
4311.605937	0.090850	0.488978	11450.985352
4311.606987	0.090776	0.488978	11546.300781
4311.607877	0.090714	0.488978	11627.036133
4312.602553	1.190079	0.481030	504.593628
4312.603524	1.714926	0.481030	2169.786133
4312.604432	1.694714	0.481030	3708.586914
4312.605357	1.646583	0.481030	5231.676758
4312.606238	1.601038	0.481030	6642.190918
4312.607190	1.553181	0.481030	8120.819336
4312.608160	1.508170	0.481030	9583.744141
4312.609058	1.212187	0.481030	10672.288086
4312.610058	0.145829	0.481030	10818.117187
4312.610962	0.090681	0.481030	10900.092773
4312.611881	0.090707	0.481030	10983.452148
4312.612741	0.090747	0.481030	11061.494141
4312.613771	0.090688	0.481030	11154.903320
4312.614661	0.090681	0.481030	11235.609375
4312.615533	0.090685	0.481030	11314.686523
4312.616520	0.090802	0.481030	11404.307617
4312.617476	0.090677	0.481030	11490.995117
4312.618399	0.090667	0.481030	11574.680664
4313.628699	1.244766	0.486718	646.033386
4313.629763	1.719756	0.486718	2475.853516
4313.630692	1.684017	0.486718	4040.305664
4313.631554	1.637703	0.486718	5452.005371
4313.632627	1.584126	0.486718	7151.772461
4313.633643	1.534794	0.486718	8711.123047
4313.634521	1.492888	0.486718	10021.878906
4313.635512	0.678318	0.486718	10694.091797
4313.636564	0.091560	0.486718	10790.413086
4313.637472	0.090729	0.486718	10872.794922
4313.638337	0.090784	0.486718	10951.323242
4313.639418	0.090861	0.486718	11049.543945
4313.640410	0.090743	0.486718	11139.561523
4313.641301	0.090714	0.486718	11220.387695
4313.642288	0.090784	0.486718	11309.991211
4313.643347	0.090769	0.486718	11406.115234
4313.644239	0.090663	0.486718	11486.986328
4313.645095	0.090725	0.486718	11564.647461
4314.639403	1.301107	0.474488	677.876831
4314.640359	1.721213	0.474488	2323.356934
4314.641242	1.691049	0.474488	3816.552734
4314.642256	1.638355	0.474488	5477.844238
4314.643310	1.584833	0.474488	7148.257812
4314.644199	1.540822	0.474488	8518.047852
4314.645092	1.497283	0.474488	9855.121094
4314.646194	0.665427	0.474488	10588.421875
4314.647146	0.092010	0.474488	10676.015625
4314.648014	0.090681	0.474488	10754.726562
4314.649059	0.090710	0.474488	10849.518555
4314.650079	0.090586	0.474488	10941.916016
4314.650970	0.090626	0.474488	11022.664062
4314.651909	0.090721	0.474488	11107.851562
4314.652965	0.090754	0.474488	11203.688477
4314.653897	0.090630	0.474488	11288.155273
4314.654758	0.090656	0.474488	11366.209961
4314.655809	0.090743	0.474488	11461.581055
4315.669009	1.277911	0.476200	636.399841
4315.670035	1.720807	0.476200	2401.947754
4315.670927	1.688379	0.476200	3907.981934
4315.671904	1.637970	0.476200	5508.278320
4315.672971	1.582991	0.476200	7197.329102
4315.673897	1.537855	0.476200	8621.382812
4315.674763	1.495880	0.476200	9916.814453
4315.675860	0.618417	0.476200	10595.217773
4315.676852	0.091285	0.476200	10685.772461
4315.677741	0.090656	0.476200	10766.365234
4315.678730	0.090839	0.476200	10856.205078
4315.679780	0.090754	0.476200	10951.497070
4315.680680	0.090692	0.476200	11033.120117
4315.681539	0.090659	0.476200	11110.996094
4315.682610	0.090718	0.476200	11208.155273
4315.683581	0.090619	0.476200	11296.146484
4315.684450	0.090637	0.476200	11374.910156
4315.685469	0.090813	0.476200	11467.448242
4316.675086	1.233505	0.466218	624.153381
4316.676143	1.719522	0.466218	2441.687744
4316.677066	1.685237	0.466218	3997.161377
4316.677931	1.638798	0.466218	5414.721191
4316.678997	1.586107	0.466218	7105.511230
4316.680006	1.536574	0.466218	8655.914062
4316.680891	1.494419	0.466218	9978.474609
4316.681873	0.712390	0.466218	10678.041992
4316.682933	0.092087	0.466218	10775.654297
4316.683833	0.090747	0.466218	10857.326172
4316.684698	0.090743	0.466218	10935.819336
4316.685773	0.090850	0.466218	11033.482422
4316.686757	0.090685	0.466218	11122.715820
4316.687647	0.090743	0.466218	11203.477539
4316.688636	0.090817	0.466218	11293.294922
4316.689690	0.090721	0.466218	11388.915039
4316.690592	0.090659	0.466218	11470.689453
4316.691455	0.090743	0.466218	11549.000977
4317.711948	1.332740	0.476418	758.329285
4317.713012	1.719950	0.476418	2588.355957
4317.713898	1.683560	0.476418	4079.989746
4317.714807	1.635344	0.476418	5566.517578
4317.715698	1.589982	0.476418	6983.191406
4317.716659	1.542195	0.476418	8465.240234
4317.717597	1.498147	0.476418	9870.501953
4317.718529	0.907551	0.476418	10716.339844
4317.719392	0.103037	0.476418	10805.260742
4317.720378	0.090725	0.476418	10894.715820
4317.721299	0.090747	0.476418	10978.293945
4317.722163	0.090758	0.476418	11056.708984
4317.723188	0.090729	0.476418	11149.706055
4317.724065	0.090743	0.476418	11229.288086
4317.724983	0.090707	0.476418	11312.556641
4317.725842	0.090791	0.476418	11390.545898
4317.726817	0.090714	0.476418	11478.992187
4317.727749	0.090747	0.476418	11563.568359
4318.709756	1.264039	0.471056	606.738831
4318.710642	1.718130	0.471056	2129.001953
4318.711507	1.697648	0.471056	3597.467285
4318.712476	1.647330	0.471056	5193.730469
4318.713431	1.597789	0.471056	6719.619141
4318.714340	1.552910	0.471056	8131.214355
4318.715222	1.511217	0.471056	9464.107422
4318.716258	1.128757	0.471056	10633.500000
4318.717155	0.125339	0.471056	10745.929687
4318.718028	0.090634	0.471056	10825.052734
4318.718942	0.090758	0.471056	10908.005859
4318.719959	0.090736	0.471056	11000.284180
4318.720842	0.090670	0.471056	11080.345703
4318.721706	0.090692	0.471056	11158.704102
4318.722705	0.090820	0.471056	11249.433594
4318.723604	0.090637	0.471056	11330.916016
4318.724515	0.090718	0.471056	11413.559570
4318.725390	0.090740	0.471056	11492.957031
4319.755193	1.194774	0.487834	504.194702
4319.756234	1.719547	0.487834	2294.243164
4319.757137	1.691396	0.487834	3821.574219
4319.758018	1.644818	0.487834	5270.659180
4319.758964	1.596493	0.487834	6780.941406
4319.759969	1.547461	0.487834	8336.139648
4319.760853	1.505226	0.487834	9666.759766
4319.761782	1.051677	0.487834	10643.767578
4319.762842	0.104268	0.487834	10754.291016
4319.763723	0.090538	0.487834	10834.055664
4319.764587	0.090619	0.487834	10912.350586
4319.765495	0.090791	0.487834	10994.789062
4319.766492	0.090612	0.487834	11085.128906
4319.767411	0.090725	0.487834	11168.504883
4319.768273	0.090688	0.487834	11246.678711
4319.769363	0.090729	0.487834	11345.573242
4319.770268	0.090670	0.487834	11427.629883
4319.771144	0.090674	0.487834	11507.060547
4320.743363	1.197495	0.487902	514.922913
4320.744231	1.715339	0.487902	2003.837402
4320.745232	1.695575	0.487902	3701.107910
4320.746257	1.641566	0.487902	5383.713379
4320.747136	1.595610	0.487902	6786.254883
4320.748005	1.551830	0.487902	8134.794922
4320.749061	1.502443	0.487902	9721.374023
4320.750012	1.009519	0.487902	10681.426758
4320.750884	0.111346	0.487902	10778.520508
4320.751846	0.090652	0.487902	10865.727539
4320.752862	0.090659	0.487902	10957.836914
4320.753747	0.090674	0.487902	11038.083008
4320.754605	0.090729	0.487902	11115.928711
4320.755664	0.090692	0.487902	11211.971680
4320.756597	0.090637	0.487902	11296.536133
4320.757468	0.090718	0.487902	11375.551758
4320.758409	0.090780	0.487902	11460.975586
4320.759449	0.090641	0.487902	11555.242187
4321.793976	1.185952	0.491661	498.099854
4321.794914	1.713127	0.491661	2105.013428
4321.795971	1.688903	0.491661	3890.183594
4321.796871	1.641013	0.491661	5367.095703
4321.797742	1.596222	0.491661	6757.405273
4321.798793	1.545055	0.491661	8381.257812
4321.799759	1.499619	0.491661	9829.889648
4321.800644	1.002253	0.491661	10716.883789
4321.801543	0.112346	0.491661	10817.882812
4321.802623	0.090659	0.491661	10915.794922
4321.803500	0.090688	0.491661	10995.329102
4321.804358	0.090685	0.491661	11073.136719
4321.805398	0.090703	0.491661	11167.467773
4321.806351	0.090656	0.491661	11253.862305
4321.807207	0.090601	0.491661	11331.416016
4321.808288	0.090729	0.491661	11429.494141
4321.809329	0.090663	0.491661	11523.874023
4321.810202	0.090641	0.491661	11603.003906
4322.778638	1.273696	0.487624	640.669250
4322.779606	1.720778	0.487624	2306.381836
4322.780477	1.692327	0.487624	3780.398437
4322.781517	1.637300	0.487624	5483.190430
4322.782563	1.584474	0.487624	7140.549805
4322.783450	1.541038	0.487624	8507.450195
4322.784382	1.496913	0.487624	9902.573242
4322.785453	0.664398	0.487624	10614.143555
4322.786394	0.092230	0.487624	10700.932617
4322.787263	0.090725	0.487624	10779.772461
4322.788321	0.090710	0.487624	10875.744141
4322.789333	0.090634	0.487624	10967.464844
4322.790224	0.090667	0.487624	11048.249023
4322.791175	0.090659	0.487624	11134.465820
4322.792210	0.090652	0.487624	11228.290039
4322.793140	0.090637	0.487624	11312.583008
4322.793999	0.090634	0.487624	11390.437500
4322.795057	0.090754	0.487624	11486.456055
4323.831841	1.285814	0.472236	657.051025
4323.832810	1.720851	0.472236	2324.555420
4323.833670	1.691810	0.472236	3779.512207
4323.834743	1.636135	0.472236	5535.085449
4323.835797	1.583357	0.472236	7203.943848
4323.836675	1.539302	0.472236	8555.451172
4323.837617	1.494943	0.472236	9963.687500
4323.838705	0.583011	0.472236	10598.003906
4323.839643	0.091428	0.472236	10683.763672
4323.840509	0.090707	0.472236	10762.315430
4323.841550	0.090743	0.472236	10856.779297
4323.842561	0.090696	0.472236	10948.472656
4323.843447	0.090670	0.472236	11028.806641
4323.844397	0.090736	0.472236	11115.005859
4323.845458	0.090765	0.472236	11211.307617
4323.846385	0.090703	0.472236	11295.389648
4323.847245	0.090710	0.472236	11373.400391
4323.848327	0.090791	0.472236	11471.636719
4324.816335	1.215824	0.457146	537.394226
4324.817196	1.714907	0.457146	2013.929443
4324.818274	1.690521	0.457146	3836.311279
4324.819276	1.637732	0.457146	5477.318359
4324.820150	1.592596	0.457146	6869.247559
4324.821142	1.544377	0.457146	8401.269531
4324.822199	1.494236	0.457146	9980.676758
4324.823115	0.794099	0.457146	10708.071289
4324.823976	0.097562	0.457146	10792.072266
4324.825077	0.090817	0.457146	10892.061523
4324.826044	0.090692	0.457146	10979.760742
4324.826908	0.090677	0.457146	11058.106445
4324.827960	0.090780	0.457146	11153.607422
4324.829006	0.090670	0.457146	11248.448242
4324.829897	0.090634	0.457146	11329.203125
4324.830804	0.090765	0.457146	11411.527344
4324.831885	0.090791	0.457146	11509.672852
4324.832839	0.090630	0.457146	11596.133789
4325.866434	1.191954	0.442729	507.772522
4325.867348	1.713611	0.442729	2074.012695
4325.868446	1.687555	0.442729	3926.947754
4325.869402	1.637355	0.442729	5492.258789
4325.870264	1.592454	0.442729	6864.953613
4325.871300	1.542158	0.442729	8462.629883
4325.872338	1.493569	0.442729	10012.955078
4325.873218	0.814871	0.442729	10730.041016
4325.874184	0.097855	0.442729	10824.569336
4325.875242	0.090729	0.442729	10920.560547
4325.876174	0.090659	0.442729	11005.054687
4325.877038	0.090656	0.442729	11083.380859
4325.878106	0.090831	0.442729	11180.388672
4325.879115	0.090656	0.442729	11271.860352
4325.880004	0.090659	0.442729	11352.456055
4325.880969	0.090765	0.442729	11440.044922
4325.882022	0.090608	0.442729	11535.455078
4325.882937	0.090670	0.442729	11618.417969
4326.859211	1.198239	0.437472	524.828491
4326.860076	1.715537	0.437472	2008.768066
4326.861107	1.692832	0.437472	3754.078125
4326.862154	1.638611	0.437472	5469.703613
4326.863036	1.592761	0.437472	6874.519043
4326.863970	1.546967	0.437472	8319.385742
4326.865054	1.496217	0.437472	9941.285156
4326.865998	0.805631	0.437472	10701.800781
4326.866857	0.097588	0.437472	10785.628906
4326.867892	0.090747	0.437472	10879.551758
4326.868908	0.090674	0.437472	10971.676758
4326.869791	0.090674	0.437472	11051.742187
4326.870744	0.090725	0.437472	11138.203125
4326.871790	0.090740	0.437472	11233.117187
4326.872726	0.090714	0.437472	11318.025391
4326.873591	0.090685	0.437472	11396.467773
4326.874644	0.090842	0.437472	11492.125000
4326.875641	0.090674	0.437472	11582.526367
4327.899083	1.198597	0.463326	526.184265
4327.899961	1.715614	0.463326	2032.493408
4327.900826	1.699856	0.463326	3502.868652
4327.901720	1.652168	0.463326	4979.906738
4327.902733	1.600811	0.463326	6601.527832
4327.903660	1.555463	0.463326	8043.441406
4327.904546	1.512470	0.463326	9383.489258
4327.905568	1.212041	0.463326	10622.195312
4327.906458	0.145060	0.463326	10751.298828
4327.907381	0.090590	0.463326	10834.913086
4327.908243	0.090725	0.463326	10913.118164
4327.909231	0.090718	0.463326	11002.747070
4327.910159	0.090641	0.463326	11086.861328
4327.911033	0.090758	0.463326	11166.183594
4327.911946	0.090710	0.463326	11249.001953
4327.912889	0.090714	0.463326	11334.544922
4327.913811	0.090667	0.463326	11418.139648
4327.914684	0.090688	0.463326	11497.310547
4328.902128	1.250603	0.455229	582.781006
4328.903004	1.717720	0.455229	2087.503418
4328.903996	1.693239	0.455229	3767.196289
4328.905052	1.637791	0.455229	5496.703125
4328.905963	1.590710	0.455229	6945.840332
4328.906825	1.546992	0.455229	8279.347656
4328.907916	1.496997	0.455229	9912.571289
4328.908901	0.801394	0.455229	10701.944336
4328.909779	0.097441	0.455229	10787.498047
4328.910794	0.090817	0.455229	10879.676758
4328.911826	0.090831	0.455229	10973.415039
4328.912713	0.090725	0.455229	11053.888672
4328.913571	0.090762	0.455229	11131.762695
4328.914663	0.090806	0.455229	11230.922852
4328.915640	0.090729	0.455229	11319.564453
4328.916508	0.090754	0.455229	11398.338867
4328.917536	0.090795	0.455229	11491.675781
4328.918584	0.090663	0.455229	11586.690430
4329.933243	1.189999	0.491637	502.179535
4329.934258	1.717419	0.491637	2245.360107
4329.935283	1.685647	0.491637	3973.148437
4329.936178	1.638878	0.491637	5439.944336
4329.937139	1.590337	0.491637	6968.257812
4329.938195	1.538408	0.491637	8592.816406
4329.939120	1.494679	0.491637	9975.394531
4329.939990	0.861995	0.491637	10725.330078
4329.941077	0.093490	0.491637	10826.954102
4329.942067	0.090699	0.491637	10916.746094
4329.942957	0.090703	0.491637	10997.471680
4329.943950	0.090846	0.491637	11087.681641
4329.944986	0.090780	0.491637	11181.729492
4329.945886	0.090754	0.491637	11263.408203
4329.946742	0.090784	0.491637	11341.119141
4329.947823	0.090853	0.491637	11439.331055
4329.948822	0.090762	0.491637	11530.001953
4329.949701	0.090626	0.491637	11609.662109
4330.942416	1.215992	0.482484	535.036682
4330.943277	1.714779	0.482484	2011.461426
4330.944376	1.689273	0.482484	3867.971924
4330.945383	1.636124	0.482484	5515.548828
4330.946261	1.591212	0.482484	6912.632812
4330.947286	1.542521	0.482484	8493.716797
4330.948339	1.492793	0.482484	10065.627930
4330.949220	0.756925	0.482484	10732.478516
4330.950109	0.096207	0.482484	10818.006836
4330.951208	0.090828	0.482484	10917.826172
4330.952164	0.090667	0.482484	11004.502930
4330.953028	0.090707	0.482484	11082.874023
4330.954053	0.090864	0.482484	11176.009766
4330.955086	0.090718	0.482484	11269.721680
4330.955974	0.090751	0.482484	11350.308594
4330.956907	0.090798	0.482484	11435.023437
4330.957961	0.090850	0.482484	11530.779297
4330.958903	0.090677	0.482484	11616.197266
4331.969473	1.198022	0.502545	510.357574
4331.970475	1.715200	0.502545	2228.988281
4331.971525	1.685563	0.502545	3998.829102
4331.972421	1.637937	0.502545	5466.420898
4331.973294	1.591399	0.502545	6855.711914
4331.974393	1.539895	0.502545	8548.056641
4331.975354	1.494485	0.502545	9984.256836
4331.976227	0.865796	0.502545	10740.096680
4331.977260	0.095878	0.502545	10839.138672
4331.978310	0.090754	0.502545	10934.430664
4331.979187	0.090659	0.502545	11013.938477
4331.980104	0.090721	0.502545	11097.129883
4331.981189	0.090776	0.502545	11195.622070
4331.982114	0.090674	0.502545	11279.495117
4331.982982	0.090696	0.502545	11358.218750
4331.984022	0.090802	0.502545	11452.652344
4331.985048	0.090740	0.502545	11545.750977
4331.985935	0.090743	0.502545	11626.240234
4332.980271	1.288480	0.483926	697.067749
4332.981332	1.719496	0.483926	2521.452637
4332.982239	1.683446	0.483926	4048.338379
4332.983103	1.636084	0.483926	5461.915039
4332.984207	1.581771	0.483926	7208.190430
4332.985174	1.534596	0.483926	8692.144531
4332.986052	1.493342	0.483926	10003.298828
4332.987074	0.650775	0.483926	10668.390625
4332.988129	0.091619	0.483926	10765.047852
4332.989012	0.090699	0.483926	10845.135742
4332.989872	0.090776	0.483926	10923.203125
4332.990980	0.090809	0.483926	11023.820312
4332.991925	0.090729	0.483926	11109.558594
4332.992790	0.090747	0.483926	11188.054687
4332.993827	0.090820	0.483926	11282.235352
4332.994868	0.090710	0.483926	11376.665039
4332.995753	0.090688	0.483926	11456.924805
4332.996674	0.090747	0.483926	11540.502930
4334.006711	1.187878	0.482811	501.284668
4334.007697	1.714102	0.482811	2191.388672
4334.008638	1.691096	0.482811	3782.710205
4334.009557	1.643342	0.482811	5292.941895
4334.010438	1.597588	0.482811	6700.416992
4334.011486	1.547000	0.482811	8321.672852
4334.012387	1.503955	0.482811	9676.736328
4334.013264	1.154821	0.482811	10689.513672
4334.014219	0.135703	0.482811	10819.110352
4334.015184	0.090637	0.482811	10906.575195
4334.016102	0.090710	0.482811	10989.847656
4334.016964	0.090718	0.482811	11068.045898
4334.017995	0.090699	0.482811	11161.556641
4334.018870	0.090652	0.482811	11240.876953
4334.019744	0.090736	0.482811	11320.180664
4334.020611	0.090743	0.482811	11398.855469
4334.021673	0.090685	0.482811	11495.163086
4334.022569	0.090659	0.482811	11576.393555
4335.015875	1.200959	0.464079	512.809692
4335.016736	1.713900	0.464079	1988.477661
4335.017842	1.690053	0.464079	3857.675781
4335.018738	1.641815	0.464079	5328.742187
4335.019616	1.597006	0.464079	6730.913086
4335.020636	1.547904	0.464079	8309.775391
4335.021637	1.499777	0.464079	9811.051758
4335.022524	1.009010	0.464079	10706.043945
4335.023392	0.112042	0.464079	10803.296875
4335.024492	0.090743	0.464079	10903.114258
4335.025401	0.090667	0.464079	10985.530273
4335.026277	0.090634	0.464079	11064.924805
4335.027288	0.090754	0.464079	11156.677734
4335.028289	0.090645	0.464079	11247.413086
4335.029183	0.090721	0.464079	11328.517578
4335.030043	0.090729	0.464079	11406.543945
4335.031137	0.090743	0.464079	11505.817383
4335.032041	0.090681	0.464079	11587.792969
4336.045502	1.187366	0.458016	502.255676
4336.046465	1.713164	0.458016	2152.032715
4336.047533	1.686647	0.458016	3953.371338
4336.048452	1.637695	0.458016	5458.413086
4336.049322	1.592538	0.458016	6843.920898
4336.050374	1.541492	0.458016	8465.570312
4336.051403	1.493068	0.458016	10001.936523
4336.052298	0.801478	0.458016	10719.259766
4336.053277	0.097064	0.458016	10814.285156
4336.054343	0.090762	0.458016	10911.037109
4336.055256	0.090784	0.458016	10993.922852
4336.056122	0.090809	0.458016	11072.563477
4336.057226	0.090802	0.458016	11172.808594
4336.058204	0.090758	0.458016	11261.570312
4336.059091	0.090729	0.458016	11342.046875
4336.060074	0.090798	0.458016	11431.301758
4336.061113	0.090769	0.458016	11525.610352
4336.062012	0.090692	0.458016	11607.142578
4337.052600	1.195214	0.443220	503.184906
4337.053678	1.718859	0.443220	2356.114502
4337.054681	1.683519	0.443220	4044.684570
4337.055581	1.636150	0.443220	5517.219727
4337.056568	1.586327	0.443220	7082.924316
4337.057639	1.534925	0.443220	8726.829102
4337.058550	1.491061	0.443220	10085.185547
4337.059417	0.743481	0.443220	10729.784180
4337.060516	0.092175	0.443220	10831.084961
4337.061486	0.090630	0.443220	10918.996094
4337.062344	0.090721	0.443220	10996.834961
4337.063420	0.090846	0.443220	11094.584961
4337.064455	0.090674	0.443220	11188.432617
4337.065335	0.090743	0.443220	11268.287109
4337.066244	0.090725	0.443220	11350.755859
4337.067332	0.090776	0.443220	11449.520508
4337.068279	0.090645	0.443220	11535.361328
4337.069137	0.090703	0.443220	11613.184570
4338.084807	1.200923	0.445537	523.602356
4338.085673	1.715054	0.445537	2008.838867
4338.086712	1.691982	0.445537	3766.808594
4338.087750	1.637461	0.445537	5466.493164
4338.088648	1.591780	0.445537	6895.911133
4338.089608	1.545304	0.445537	8379.403320
4338.090682	1.494133	0.445537	9984.102539
4338.091620	0.758489	0.445537	10695.565430
4338.092481	0.096313	0.445537	10778.491211
4338.093563	0.090824	0.445537	10876.762695
4338.094560	0.090714	0.445537	10967.205078
4338.095451	0.090721	0.445537	11048.038086
4338.096423	0.090791	0.445537	11136.287109
4338.097464	0.090736	0.445537	11230.743164
4338.098364	0.090670	0.445537	11312.346680
4338.099222	0.090765	0.445537	11390.223633
4338.100306	0.090758	0.445537	11488.605469
4338.101295	0.090659	0.445537	11578.267578
4339.088825	1.186655	0.452631	500.768494
4339.089852	1.716647	0.452631	2263.764648
4339.090904	1.684640	0.452631	4036.005859
4339.091790	1.637377	0.452631	5486.721680
4339.092700	1.590157	0.452631	6933.764648
4339.093796	1.537720	0.452631	8619.105469
4339.094743	1.492929	0.452631	10032.909180
4339.095610	0.815870	0.452631	10740.268555
4339.096660	0.093519	0.452631	10838.463867
4339.097700	0.090685	0.452631	10932.776367
4339.098576	0.090681	0.452631	11012.212891
4339.099536	0.090692	0.452631	11099.277344
4339.100595	0.090707	0.452631	11195.335937
4339.101510	0.090725	0.452631	11278.349609
4339.102376	0.090582	0.452631	11356.793945
4339.103440	0.090732	0.452631	11453.333008
4339.104441	0.090667	0.452631	11544.089844
4339.105329	0.090696	0.452631	11624.627930
4340.123163	1.293483	0.459487	659.676147
4340.124202	1.720166	0.459487	2446.928711
4340.125096	1.686508	0.459487	3954.666504
4340.126050	1.636897	0.459487	5516.266113
4340.127119	1.581980	0.459487	7207.402832
4340.128065	1.536247	0.459487	8660.693359
4340.128933	1.494291	0.459487	9957.737305
4340.130012	0.607072	0.459487	10612.767578
4340.131009	0.091190	0.459487	10703.684570
4340.131891	0.090663	0.459487	10783.649414
4340.132888	0.090714	0.459487	10874.091797
4340.133940	0.090736	0.459487	10969.545898
4340.134842	0.090714	0.459487	11051.370117
4340.135700	0.090743	0.459487	11129.227539
4340.136782	0.090751	0.459487	11227.419922
4340.137769	0.090626	0.459487	11316.868164
4340.138642	0.090648	0.459487	11396.003906
4340.139632	0.090769	0.459487	11485.865234
4341.126097	1.230088	0.462552	540.008606
4341.126976	1.715658	0.462552	2048.072021
4341.127946	1.694048	0.462552	3691.298340
4341.128871	1.646027	0.462552	5213.873047
4341.129737	1.600876	0.462552	6600.231934
4341.130781	1.550420	0.462552	8218.870117
4341.131680	1.507170	0.462552	9573.816406
4341.132603	1.184824	0.462552	10667.409180
4341.133473	0.144818	0.462552	10793.401367
4341.134483	0.090579	0.462552	10884.885742
4341.135412	0.090645	0.462552	10969.094727
4341.136269	0.090619	0.462552	11046.754883
4341.137280	0.090674	0.462552	11138.425781
4341.138184	0.090659	0.462552	11220.381836
4341.139054	0.090674	0.462552	11299.267578
4341.139919	0.090707	0.462552	11377.728516
4341.140980	0.090692	0.462552	11473.953125
4341.141873	0.090696	0.462552	11554.944336
4342.161380	1.249991	0.459599	562.496155
4342.162307	1.718145	0.459599	2155.216064
4342.163169	1.695132	0.459599	3616.419678
4342.164216	1.642317	0.459599	5335.925781
4342.165096	1.595834	0.459599	6740.259766
4342.166011	1.551405	0.459599	8159.795410
4342.166891	1.508716	0.459599	9487.464844
4342.167886	1.156161	0.459599	10637.844727
4342.168815	0.125717	0.459599	10754.635742
4342.169693	0.090571	0.459599	10834.157227
4342.170710	0.090630	0.459599	10926.328125
4342.171609	0.090656	0.459599	11007.827148
4342.172485	0.090641	0.459599	11087.228516
4342.173449	0.090685	0.459599	11174.648437
4342.174425	0.090579	0.459599	11263.052734
4342.175356	0.090674	0.459599	11347.469727
4342.176215	0.090634	0.459599	11425.324219
4342.177232	0.090721	0.459599	11517.587891
4343.165367	1.194371	0.455829	502.830322
4343.166429	1.718313	0.455829	2327.678711
4343.167430	1.684222	0.455829	4013.585449
4343.168325	1.637739	0.455829	5479.362305
4343.169318	1.587188	0.455829	7055.439453
4343.170378	1.535980	0.455829	8683.578125
4343.171287	1.492350	0.455829	10040.124023
4343.172155	0.781849	0.455829	10718.769531
4343.173248	0.092626	0.455829	10820.009766
4343.174210	0.090703	0.455829	10907.266602
4343.175071	0.090677	0.455829	10985.339844
4343.176136	0.090776	0.455829	11082.016602
4343.177178	0.090736	0.455829	11176.563477
4343.178058	0.090721	0.455829	11256.398437
4343.178969	0.090769	0.455829	11339.088867
4343.180042	0.090765	0.455829	11436.480469
4343.180978	0.090637	0.455829	11521.316406
4343.181833	0.090681	0.455829	11598.848633
4344.198585	1.200590	0.453299	506.648773
4344.199663	1.718441	0.453299	2359.128174
4344.200662	1.683332	0.453299	4040.777344
4344.201557	1.636479	0.453299	5505.426758
4344.202553	1.586049	0.453299	7085.131348
4344.203615	1.534999	0.453299	8715.299805
4344.204520	1.491559	0.453299	10065.160156
4344.205391	0.754175	0.453299	10722.046875
4344.206506	0.091963	0.453299	10824.585937
4344.207468	0.090674	0.453299	10911.814453
4344.208334	0.090659	0.453299	10990.325195
4344.209378	0.090754	0.453299	11085.073242
4344.210424	0.090670	0.453299	11179.914062
4344.211314	0.090688	0.453299	11260.626953
4344.212243	0.090707	0.453299	11344.893555
4344.213307	0.090773	0.453299	11441.475586
4344.214243	0.090667	0.453299	11526.339844
4344.215104	0.090674	0.453299	11604.410156
4345.203207	1.264603	0.449279	628.507812
4345.204145	1.720008	0.449279	2241.875732
4345.205011	1.693282	0.449279	3708.258301
4345.206088	1.637794	0.449279	5472.162598
4345.207118	1.584928	0.449279	7104.638184
4345.208016	1.541213	0.449279	8488.647461
4345.208982	1.496071	0.449279	9933.851562
4345.210037	0.659008	0.449279	10629.104492
4345.210954	0.092501	0.449279	10713.927734
4345.211814	0.090696	0.449279	10791.925781
4345.212893	0.090769	0.449279	10889.865234
4345.213885	0.090645	0.449279	10979.784180
4345.214760	0.090667	0.449279	11059.117187
4345.215770	0.090714	0.449279	11150.738281
4345.216823	0.090729	0.449279	11246.275391
4345.217716	0.090692	0.449279	11327.263672
4345.218572	0.090692	0.449279	11404.896484
4345.219656	0.090776	0.449279	11503.297852
4346.234313	1.215795	0.450902	528.870667
4346.235179	1.714171	0.450902	2013.343018
4346.236281	1.688104	0.450902	3873.633789
4346.237244	1.637944	0.450902	5450.974121
4346.238118	1.593333	0.450902	6843.546875
4346.239173	1.541803	0.450902	8470.149414
4346.240219	1.492537	0.450902	10031.342773
4346.241122	0.764304	0.450902	10721.509766
4346.242060	0.096262	0.450902	10811.803711
4346.243116	0.090707	0.450902	10907.589844
4346.244061	0.090677	0.450902	10993.280273
4346.244926	0.090674	0.450902	11071.712891
4346.245987	0.090765	0.450902	11168.014648
4346.247003	0.090641	0.450902	11260.105469
4346.247891	0.090663	0.450902	11340.614258
4346.248842	0.090824	0.450902	11426.988281
4346.249888	0.090725	0.450902	11521.886719
4346.250806	0.090670	0.450902	11605.122070
4347.242523	1.285214	0.439716	652.888550
4347.243553	1.719990	0.439716	2424.478516
4347.244437	1.687500	0.439716	3916.228516
4347.245403	1.637878	0.439716	5498.418945
4347.246454	1.583628	0.439716	7162.812012
4347.247380	1.538503	0.439716	8587.465820
4347.248241	1.496565	0.439716	9876.007812
4347.249321	0.693406	0.439716	10624.885742
4347.250325	0.091813	0.439716	10717.065430
4347.251199	0.090718	0.439716	10796.352539
4347.252169	0.090710	0.439716	10884.341797
4347.253222	0.090784	0.439716	10979.937500
4347.254127	0.090641	0.439716	11061.967773
4347.254991	0.090667	0.439716	11140.303711
4347.256079	0.090802	0.439716	11239.096680
4347.257071	0.090608	0.439716	11328.979492
4347.257961	0.090659	0.439716	11409.666016
4347.258944	0.090776	0.439716	11498.899414
4348.270531	1.201611	0.453718	521.499268
4348.271398	1.714252	0.453718	2007.755493
4348.272461	1.690470	0.453718	3804.725098
4348.273474	1.637750	0.453718	5463.766113
4348.274375	1.591728	0.453718	6897.913574
4348.275343	1.544989	0.453718	8393.462891
4348.276407	1.494401	0.453718	9983.504883
4348.277315	0.806232	0.453718	10715.563477
4348.278171	0.098254	0.453718	10799.668945
4348.279254	0.090798	0.453718	10898.003906
4348.280250	0.090685	0.453718	10988.326172
4348.281122	0.090710	0.453718	11067.425781
4348.282118	0.090784	0.453718	11157.846680
4348.283162	0.090791	0.453718	11252.632812
4348.284048	0.090688	0.453718	11332.982422
4348.284915	0.090758	0.453718	11411.669922
4348.285999	0.090798	0.453718	11510.095703
4348.286990	0.090740	0.453718	11600.018555
4349.281213	1.195371	0.442632	509.228058
4349.282257	1.717844	0.442632	2302.657471
4349.283289	1.683823	0.442632	4040.363037
4349.284187	1.636066	0.442632	5509.549805
4349.285136	1.588429	0.442632	7016.968750
4349.286192	1.536702	0.442632	8639.725586
4349.287130	1.492273	0.442632	10039.477539
4349.287999	0.806147	0.442632	10740.019531
4349.289064	0.093486	0.442632	10839.582031
4349.290071	0.090688	0.442632	10930.905273
4349.290947	0.090659	0.442632	11010.322266
4349.291926	0.090791	0.442632	11099.207031
4349.292977	0.090776	0.442632	11194.613281
4349.293887	0.090751	0.442632	11277.196289
4349.294745	0.090732	0.442632	11355.044922
4349.295823	0.090743	0.442632	11452.866211
4349.296807	0.090670	0.442632	11542.085937
4349.297693	0.090703	0.442632	11622.449219
4350.307255	1.185231	0.458318	498.982086
4350.308121	1.712985	0.458318	1982.426636
4350.309231	1.688624	0.458318	3856.799561
4350.310194	1.638292	0.458318	5434.475098
4350.311064	1.593589	0.458318	6820.897461
4350.312115	1.542572	0.458318	8442.140625
4350.313161	1.493280	0.458318	10004.111328
4350.314064	0.789221	0.458318	10716.778320
4350.315005	0.097372	0.458318	10808.405273
4350.316057	0.090769	0.458318	10903.894531
4350.316987	0.090645	0.458318	10988.194336
4350.317850	0.090652	0.458318	11066.426758
4350.318911	0.090780	0.458318	11162.744141
4350.319923	0.090612	0.458318	11254.443359
4350.320797	0.090648	0.458318	11333.669922
4350.321765	0.090729	0.458318	11421.495117
4350.322795	0.090743	0.458318	11514.960937
4350.323715	0.090670	0.458318	11598.377930
4351.319050	1.272294	0.457186	641.236023
4351.320007	1.720389	0.457186	2287.648682
4351.320879	1.692001	0.457186	3763.073242
4351.321887	1.639732	0.457186	5415.922852
4351.322954	1.585847	0.457186	7108.021484
4351.323845	1.541199	0.457186	8481.229492
4351.324724	1.498191	0.457186	9798.139648
4351.325834	0.713035	0.457186	10589.608398
4351.326787	0.092662	0.457186	10677.916016
4351.327649	0.090637	0.457186	10756.044922
4351.328695	0.090751	0.457186	10850.969727
4351.329734	0.090707	0.457186	10945.213867
4351.330615	0.090648	0.457186	11025.075195
4351.331551	0.090670	0.457186	11109.942383
4351.332608	0.090762	0.457186	11205.877930
4351.333540	0.090656	0.457186	11290.369141
4351.334398	0.090685	0.457186	11368.176758
4351.335459	0.090747	0.457186	11464.458984
4352.345169	1.332008	0.469839	769.900696
4352.346232	1.718654	0.469839	2596.829346
4352.347111	1.682384	0.469839	4075.645020
4352.348030	1.633158	0.469839	5576.517090
4352.349114	1.578706	0.469839	7287.834473
4352.350068	1.533314	0.469839	8750.616211
4352.350942	1.491379	0.469839	10054.082031
4352.351989	0.559006	0.469839	10639.361328
4352.353018	0.090886	0.469839	10732.882812
4352.353903	0.090656	0.469839	10813.113281
4352.354852	0.090729	0.469839	10899.214844
4352.355903	0.090703	0.469839	10994.543945
4352.356836	0.090645	0.469839	11079.115234
4352.357697	0.090677	0.469839	11157.188477
4352.358769	0.090769	0.469839	11254.493164
4352.359783	0.090688	0.469839	11346.451172
4352.360676	0.090677	0.469839	11427.425781
4352.361655	0.090773	0.469839	11516.291992
4353.355814	1.309592	0.467878	694.083862
4353.356740	1.720173	0.467878	2286.964355
4353.357612	1.691177	0.467878	3761.670410
4353.358694	1.635048	0.467878	5530.791992
4353.359701	1.583829	0.467878	7125.708008
4353.360596	1.540536	0.467878	8504.487305
4353.361571	1.494913	0.467878	9962.027344
4353.362627	0.638002	0.467878	10635.756836
4353.363534	0.092241	0.467878	10719.419922
4353.364396	0.090721	0.467878	10797.622070
4353.365506	0.090857	0.467878	10898.473633
4353.366471	0.090612	0.467878	10985.914062
4353.367349	0.090659	0.467878	11065.512695
4353.368367	0.090758	0.467878	11157.904297
4353.369418	0.090740	0.467878	11253.271484
4353.370299	0.090707	0.467878	11333.184570
4353.371179	0.090703	0.467878	11413.002930
4353.372269	0.090802	0.467878	11511.977539
4354.383296	1.195657	0.492547	515.328003
4354.384161	1.714050	0.492547	1997.981567
4354.385241	1.689690	0.492547	3822.846680
4354.386247	1.637010	0.492547	5469.679199
4354.387140	1.591307	0.492547	6890.716797
4354.388133	1.543520	0.492547	8423.432617
4354.389207	1.492888	0.492547	10026.794922
4354.390115	0.756709	0.492547	10713.886719
4354.390970	0.096460	0.492547	10796.360352
4354.392060	0.090784	0.492547	10895.314453
4354.393063	0.090718	0.492547	10986.304687
4354.393943	0.090652	0.492547	11066.078125
4354.394939	0.090677	0.492547	11156.392578
4354.395994	0.090659	0.492547	11252.038086
4354.396872	0.090751	0.492547	11331.716797
4354.397744	0.090754	0.492547	11410.854492
4354.398819	0.090699	0.492547	11508.356445
4354.399784	0.090637	0.492547	11595.821289
4355.390904	1.208185	0.476180	512.270386
4355.392016	1.718397	0.476180	2423.128174
4355.392998	1.682589	0.476180	4075.430664
4355.393871	1.636337	0.476180	5503.952637
4355.394922	1.583382	0.476180	7168.087891
4355.395954	1.533538	0.476180	8750.698242
4355.396844	1.491178	0.476180	10077.846680
4355.397790	0.710801	0.476180	10750.264648
4355.398842	0.091893	0.476180	10846.936523
4355.399773	0.090688	0.476180	10931.367187
4355.400631	0.090699	0.476180	11009.187500
4355.401670	0.090762	0.476180	11103.489258
4355.402694	0.090699	0.476180	11196.365234
4355.403579	0.090685	0.476180	11276.621094
4355.404514	0.090798	0.476180	11361.517578
4355.405584	0.090732	0.476180	11458.601562
4355.406505	0.090703	0.476180	11542.138672
4355.407374	0.090747	0.476180	11620.998047
4356.423615	1.188475	0.478770	505.102020
4356.424636	1.713904	0.478770	2254.997803
4356.425686	1.683867	0.478770	4023.058350
4356.426589	1.636165	0.478770	5500.514648
4356.427450	1.590227	0.478770	6869.700195
4356.428549	1.538760	0.478770	8560.796875
4356.429534	1.492625	0.478770	10031.032227
4356.430404	0.815585	0.478770	10740.590820
4356.431435	0.095684	0.478770	10839.240234
4356.432474	0.090813	0.478770	10933.594727
4356.433341	0.090670	0.478770	11012.206055
4356.434235	0.090718	0.478770	11093.307617
4356.435319	0.090736	0.478770	11191.666016
4356.436266	0.090707	0.478770	11277.565430
4356.437132	0.090674	0.478770	11356.088867
4356.438146	0.090853	0.478770	11448.213867
4356.439187	0.090707	0.478770	11542.639648
4356.440073	0.090692	0.478770	11622.993164
4357.425676	1.263750	0.449964	639.457520
4357.426556	1.718727	0.449964	2151.937012
4357.427440	1.693506	0.449964	3648.996094
4357.428541	1.637505	0.449964	5451.888672
4357.429498	1.588616	0.449964	6972.193848
4357.430370	1.546058	0.449964	8320.356445
4357.431414	1.496869	0.449964	9883.087891
4357.432451	0.716019	0.449964	10625.599609
4357.433335	0.094347	0.449964	10709.001953
4357.434266	0.090685	0.449964	10793.429687
4357.435325	0.090740	0.449964	10889.523437
4357.436259	0.090674	0.449964	10974.212891
4357.437122	0.090692	0.449964	11052.480469
4357.438184	0.090776	0.449964	11148.884766
4357.439207	0.090670	0.449964	11241.640625
4357.440078	0.090732	0.449964	11320.668945
4357.441038	0.090780	0.449964	11407.817383
4357.442107	0.090809	0.449964	11504.892578
4358.466490	1.188124	0.447567	501.388245
4358.467387	1.713146	0.447567	2038.080078
4358.468487	1.687332	0.447567	3894.144775
4358.469444	1.637227	0.447567	5460.970703
4358.470309	1.592772	0.447567	6838.718750
4358.471364	1.541565	0.447567	8465.070312
4358.472388	1.493221	0.447567	9994.128906
4358.473284	0.808868	0.447567	10718.875000
4358.474240	0.098013	0.447567	10812.575195
4358.475284	0.090707	0.447567	10907.273437
4358.476205	0.090626	0.447567	10990.740234
4358.477064	0.090674	0.447567	11068.628906
4358.478115	0.090787	0.447567	11164.046875
4358.479128	0.090707	0.447567	11255.932617
4358.480000	0.090645	0.447567	11334.974609
4358.480955	0.090758	0.447567	11421.648437
4358.482033	0.090765	0.447567	11519.493164
4358.482938	0.090696	0.447567	11601.573242
4359.459274	1.203439	0.435607	527.106140
4359.460148	1.715237	0.435607	2026.223145
4359.461163	1.691689	0.435607	3743.288086
4359.462208	1.638032	0.435607	5455.031738
4359.463105	1.591348	0.435607	6882.470703
4359.464032	1.546066	0.435607	8315.673828
4359.465107	1.495214	0.435607	9923.028320
4359.466069	0.785068	0.435607	10678.263672
4359.466935	0.096793	0.435607	10762.086914
4359.467988	0.090725	0.435607	10857.620117
4359.469007	0.090641	0.435607	10949.983398
4359.469902	0.090590	0.435607	11031.061523
4359.470853	0.090795	0.435607	11117.407227
4359.471888	0.090740	0.435607	11211.323242
4359.472799	0.090663	0.435607	11293.916992
4359.473654	0.090656	0.435607	11371.427734
4359.474731	0.090688	0.435607	11469.099609
4359.475734	0.090692	0.435607	11560.063477
4360.507929	1.285521	0.428271	650.473755
4360.508936	1.720056	0.428271	2382.570312
4360.509826	1.688115	0.428271	3884.992920
4360.510814	1.637033	0.428271	5502.380859
4360.511862	1.583177	0.428271	7161.550781
4360.512782	1.538049	0.428271	8576.556641
4360.513647	1.495950	0.428271	9870.552734
4360.514734	0.673154	0.428271	10602.271484
4360.515727	0.091747	0.428271	10693.375977
4360.516603	0.090674	0.428271	10772.806641
4360.517598	0.090754	0.428271	10863.107422
4360.518652	0.090747	0.428271	10958.754883
4360.519533	0.090667	0.428271	11038.631836
4360.520392	0.090725	0.428271	11116.564453
4360.521490	0.090791	0.428271	11216.252930
4360.522457	0.090579	0.428271	11303.842773
4360.523326	0.090659	0.428271	11382.625977
4360.524390	0.090729	0.428271	11479.161133
4361.495051	1.265673	0.440530	639.164673
4361.495958	1.719218	0.440530	2198.495117
4361.496826	1.693118	0.440530	3668.121094
4361.497922	1.637047	0.440530	5462.324707
4361.498925	1.585642	0.440530	7052.723633
4361.499822	1.542279	0.440530	8436.148437
4361.500810	1.496016	0.440530	9914.211914
4361.501863	0.672616	0.440530	10622.476562
4361.502768	0.092769	0.440530	10706.431641
4361.503631	0.090707	0.440530	10784.711914
4361.504737	0.090773	0.440530	10885.106445
4361.505704	0.090725	0.440530	10972.837891
4361.506570	0.090703	0.440530	11051.386719
4361.507645	0.090850	0.440530	11149.049805
4361.508681	0.090681	0.440530	11242.995117
4361.509571	0.090729	0.440530	11323.744141
4361.510497	0.090762	0.440530	11407.789062
4361.511542	0.090791	0.440530	11502.666016
4362.545603	1.190614	0.435953	515.535889
4362.546469	1.714655	0.435953	2000.426758
4362.547510	1.691514	0.435953	3761.292480
4362.548553	1.637622	0.435953	5469.332031
4362.549436	1.591783	0.435953	6874.876953
4362.550363	1.546457	0.435953	8308.443359
4362.551425	1.496397	0.435953	9897.616211
4362.552375	0.830281	0.435953	10686.382812
4362.553236	0.099093	0.435953	10771.702148
4362.554282	0.090857	0.435953	10866.738281
4362.555310	0.090751	0.435953	10960.030273
4362.556181	0.090663	0.435953	11038.998047
4362.557122	0.090769	0.435953	11124.412109
4362.558179	0.090776	0.435953	11220.362305
4362.559113	0.090699	0.435953	11305.075195
4362.559976	0.090762	0.435953	11383.402344
4362.560998	0.090791	0.435953	11476.190430
4362.562018	0.090685	0.435953	11568.688477
4363.534346	1.264248	0.459064	629.595520
4363.535340	1.719771	0.459064	2339.047363
4363.536235	1.689031	0.459064	3850.729980
4363.537235	1.637033	0.459064	5487.762695
4363.538299	1.582932	0.459064	7172.002441
4363.539217	1.537727	0.459064	8583.635742
4363.540081	1.495023	0.459064	9875.335937
4363.541190	0.634662	0.459064	10579.175781
4363.542160	0.091648	0.459064	10668.074219
4363.543020	0.090762	0.459064	10746.128906
4363.544104	0.090784	0.459064	10844.538086
4363.545143	0.090758	0.459064	10938.835937
4363.546013	0.090688	0.459064	11017.735352
4363.546920	0.090732	0.459064	11100.029297
4363.547978	0.090769	0.459064	11196.062500
4363.548921	0.090762	0.459064	11281.650391
4363.549778	0.090677	0.459064	11359.361328
4363.550785	0.090842	0.459064	11450.839844
4364.579770	1.188735	0.457815	502.835052
4364.580814	1.717083	0.457815	2295.469238
4364.581838	1.684087	0.457815	4019.974121
4364.582716	1.637443	0.457815	5457.648926
4364.583681	1.588546	0.457815	6990.595703
4364.584759	1.536515	0.457815	8646.958984
4364.585666	1.493027	0.457815	10001.134766
4364.586545	0.813845	0.457815	10716.504883
4364.587628	0.092893	0.457815	10817.108398
4364.588615	0.090710	0.457815	10906.639648
4364.589500	0.090696	0.457815	10986.905273
4364.590483	0.090787	0.457815	11076.149414
4364.591538	0.090699	0.457815	11171.836914
4364.592440	0.090667	0.457815	11253.618164
4364.593302	0.090681	0.457815	11331.785156
4364.594385	0.090762	0.457815	11430.080078
4364.595347	0.090656	0.457815	11517.291016
4364.596232	0.090707	0.457815	11597.566406
4365.574162	1.278644	0.471991	641.879211
4365.575164	1.719968	0.471991	2365.287354
4365.576057	1.688331	0.471991	3872.967285
4365.577046	1.636769	0.471991	5491.731445
4365.578107	1.582515	0.471991	7170.779297
4365.579017	1.538130	0.471991	8570.477539
4365.579884	1.495529	0.471991	9867.100586
4365.580994	0.636790	0.471991	10573.936523
4365.581964	0.091575	0.471991	10662.763672
4365.582828	0.090626	0.471991	10741.064453
4365.583913	0.090776	0.471991	10839.556641
4365.584929	0.090670	0.471991	10931.677734
4365.585816	0.090685	0.471991	11012.115234
4365.586720	0.090725	0.471991	11094.130859
4365.587785	0.090685	0.471991	11190.709961
4365.588727	0.090674	0.471991	11276.125000
4365.589589	0.090670	0.471991	11354.282227
4365.590629	0.090677	0.471991	11448.586914
4366.614555	1.280222	0.449404	652.913330
4366.615468	1.719031	0.449404	2222.388428
4366.616330	1.692744	0.449404	3681.533691
4366.617418	1.637710	0.449404	5463.362305
4366.618417	1.586389	0.449404	7048.165039
4366.619290	1.543462	0.449404	8395.607422
4366.620277	1.496737	0.449404	9872.886719
4366.621339	0.696870	0.449404	10612.962891
4366.622236	0.093311	0.449404	10696.662109
4366.623093	0.090707	0.449404	10774.397461
4366.624205	0.090809	0.449404	10875.376953
4366.625161	0.090703	0.449404	10962.088867
4366.626040	0.090663	0.449404	11041.781250
4366.627045	0.090769	0.449404	11133.003906
4366.628090	0.090736	0.449404	11227.823242
4366.628977	0.090685	0.449404	11308.260742
4366.629863	0.090710	0.449404	11388.629883
4366.630952	0.090824	0.449404	11487.537109
4367.615435	1.214524	0.461356	531.961487
4367.616300	1.713651	0.461356	2014.269775
4367.617405	1.687947	0.461356	3879.450928
4367.618400	1.635337	0.461356	5506.611328
4367.619280	1.590447	0.461356	6906.204590
4367.620284	1.542301	0.461356	8454.674805
4367.621352	1.492200	0.461356	10048.343750
4367.622238	0.772211	0.461356	10732.522461
4367.623127	0.096837	0.461356	10818.610352
4367.624204	0.090784	0.461356	10916.384766
4367.625155	0.090656	0.461356	11002.598633
4367.626012	0.090641	0.461356	11080.278320
4367.627030	0.090729	0.461356	11172.640625
4367.628072	0.090674	0.461356	11267.123047
4367.628954	0.090747	0.461356	11347.162109
4367.629883	0.090743	0.461356	11431.462891
4367.630945	0.090670	0.461356	11527.754883
4367.631887	0.090637	0.461356	11613.134766
4368.648642	1.202516	0.447748	518.284363
4368.649506	1.713413	0.447748	1998.673340
4368.650606	1.688368	0.447748	3855.877930
4368.651604	1.635732	0.447748	5488.338867
4368.652504	1.590300	0.447748	6919.608887
4368.653494	1.542352	0.447748	8446.538086
4368.654562	1.492463	0.447748	10040.489258
4368.655462	0.752743	0.447748	10717.958008
4368.656347	0.096332	0.447748	10803.211914
4368.657417	0.090765	0.447748	10900.331055
4368.658375	0.090659	0.447748	10987.182617
4368.659234	0.090652	0.447748	11065.052734
4368.660269	0.090765	0.447748	11158.995117
4368.661310	0.090688	0.447748	11253.401367
4368.662193	0.090630	0.447748	11333.427734
4368.663129	0.090802	0.447748	11418.417969
4368.664195	0.090747	0.447748	11515.154297
4368.665134	0.090634	0.447748	11600.258789
4369.655793	1.260754	0.428312	603.901367
4369.656664	1.717167	0.428312	2099.553711
4369.657671	1.691459	0.428312	3802.852783
4369.658578	1.641940	0.428312	5292.091797
4369.659513	1.594871	0.428312	6783.295898
4369.660382	1.550310	0.428312	8130.515625
4369.661442	1.501780	0.428312	9722.402344
4369.662342	1.061265	0.428312	10677.541016
4369.663259	0.112540	0.428312	10780.740234
4369.664125	0.090549	0.428312	10859.156250
4369.665120	0.090652	0.428312	10949.354492
4369.666043	0.090623	0.428312	11032.999023
4369.666911	0.090641	0.428312	11111.675781
4369.667930	0.090729	0.428312	11204.127930
4369.668799	0.090670	0.428312	11282.919922
4369.669673	0.090619	0.428312	11362.121094
4369.670628	0.090758	0.428312	11448.794922
4369.671612	0.090667	0.428312	11538.010742
4370.683320	1.186556	0.433597	499.540222
4370.684349	1.717376	0.433597	2266.719727
4370.685258	1.690591	0.433597	3803.466797
4370.686172	1.642687	0.433597	5304.882324
4370.687054	1.597211	0.433597	6713.622070
4370.688050	1.548043	0.433597	8255.472656
4370.688987	1.503959	0.433597	9664.681641
4370.689867	1.160376	0.433597	10685.812500
4370.690867	0.135315	0.433597	10821.126953
4370.691777	0.090597	0.433597	10903.570312
4370.692680	0.090630	0.433597	10985.409180
4370.693554	0.090732	0.433597	11064.708984
4370.694577	0.090677	0.433597	11157.471680
4370.695472	0.090667	0.433597	11238.618164
4370.696347	0.090714	0.433597	11317.993164
4370.697303	0.090747	0.433597	11404.747070
4370.698254	0.090674	0.433597	11490.977539
4370.699171	0.090674	0.433597	11574.125000
4371.694571	1.252705	0.416915	578.749756
4371.695457	1.717024	0.416915	2100.032959
4371.696325	1.697296	0.416915	3573.286133
4371.697326	1.645536	0.416915	5220.467773
4371.698255	1.596859	0.416915	6703.949707
4371.699177	1.551995	0.416915	8134.888672
4371.700060	1.509492	0.416915	9467.770508
4371.701109	1.111469	0.416915	10633.701172
4371.702005	0.122080	0.416915	10743.084961
4371.702876	0.090601	0.416915	10821.998047
4371.703843	0.090743	0.416915	10909.747070
4371.704801	0.090626	0.416915	10996.567383
4371.705716	0.090677	0.416915	11079.537109
4371.706579	0.090688	0.416915	11157.800781
4371.707612	0.090769	0.416915	11251.565430
4371.708481	0.090634	0.416915	11330.326172
4371.709354	0.090637	0.416915	11409.452148
4371.710238	0.090710	0.416915	11489.640625
4372.721148	1.290154	0.426265	617.983704
4372.722045	1.717775	0.426265	2158.827637
4372.722924	1.695242	0.426265	3648.945068
4372.723922	1.643782	0.426265	5289.439453
4372.724866	1.594255	0.426265	6794.416504
4372.725788	1.549380	0.426265	8222.944336
4372.726658	1.507123	0.426265	9534.141602
4372.727706	1.061840	0.426265	10646.949219
4372.728589	0.118110	0.426265	10751.240234
4372.729459	0.090656	0.426265	10830.110352
4372.730441	0.090703	0.426265	10919.180664
4372.731387	0.090758	0.426265	11005.038086
4372.732289	0.090707	0.426265	11086.855469
4372.733169	0.090696	0.426265	11166.667969
4372.734195	0.090648	0.426265	11259.672852
4372.735094	0.090692	0.426265	11341.205078
4372.735964	0.090630	0.426265	11420.052734
4372.736849	0.090751	0.426265	11500.367187
4373.732314	1.224774	0.424130	543.799683
4373.733186	1.714761	0.424130	2039.070923
4373.734236	1.689785	0.424130	3813.345215
4373.735119	1.642961	0.424130	5264.080078
4373.736043	1.596449	0.424130	6739.199219
4373.736906	1.552419	0.424130	8078.937012
4373.737877	1.506471	0.424130	9541.720703
4373.738817	1.172259	0.424130	10643.644531
4373.739696	0.139182	0.424130	10765.985352
4373.740726	0.090626	0.424130	10859.330078
4373.741628	0.090615	0.424130	10941.065430
4373.742540	0.090652	0.424130	11023.740234
4373.743404	0.090692	0.424130	11102.098633
4373.744398	0.090634	0.424130	11192.188477
4373.745356	0.090692	0.424130	11279.071289
4373.746228	0.090710	0.424130	11358.170898
4373.747201	0.090754	0.424130	11446.474609
4373.748106	0.090571	0.424130	11528.441406
4374.757837	1.208386	0.444534	530.481506
4374.758708	1.714764	0.444534	2024.041260
4374.759574	1.698585	0.444534	3495.016113
4374.760635	1.644767	0.444534	5240.113770
4374.761541	1.597694	0.444534	6687.624512
4374.762415	1.554445	0.444534	8046.208984
4374.763326	1.510580	0.444534	9422.347656
4374.764351	1.160127	0.444534	10611.477539
4374.765245	0.136274	0.444534	10733.306641
4374.766111	0.090582	0.444534	10811.750977
4374.767125	0.090743	0.444534	10903.764648
4374.768029	0.090626	0.444534	10985.690430
4374.768936	0.090656	0.444534	11067.915039
4374.769812	0.090656	0.444534	11147.329102
4374.770837	0.090634	0.444534	11240.228516
4374.771731	0.090670	0.444534	11321.288086
4374.772606	0.090619	0.444534	11400.580078
4374.773557	0.090839	0.444534	11486.967773
4375.769619	1.253547	0.443518	644.323303
4375.770650	1.719269	0.443518	2416.889404
4375.771547	1.685599	0.443518	3928.872070
4375.772423	1.639259	0.443518	5364.863281
4375.773472	1.586085	0.443518	7028.666504
4375.774421	1.540272	0.443518	8490.384766
4375.775299	1.498700	0.443518	9806.243164
4375.776241	0.915502	0.443518	10668.645508
4375.777293	0.094783	0.443518	10768.356445
4375.778183	0.090674	0.443518	10849.056641
4375.779043	0.090652	0.443518	10927.017578
4375.780097	0.090773	0.443518	11022.692383
4375.781037	0.090604	0.443518	11107.860352
4375.781907	0.090641	0.443518	11186.717773
4375.782827	0.090776	0.443518	11270.232422
4375.783900	0.090707	0.443518	11367.560547
4375.784777	0.090677	0.443518	11447.084961
4375.785636	0.090725	0.443518	11525.017578
4376.796161	1.262823	0.451341	622.571960
4376.797189	1.719093	0.451341	2389.799561
4376.798082	1.686958	0.451341	3896.252930
4376.799024	1.638281	0.451341	5439.513672
4376.800071	1.584298	0.451341	7098.273437
4376.801017	1.538643	0.451341	8553.829102
4376.801886	1.496704	0.451341	9854.464844
4376.802939	0.727112	0.451341	10620.113281
4376.803951	0.092300	0.451341	10713.520508
4376.804833	0.090663	0.451341	10793.485352
4376.805808	0.090776	0.451341	10881.992187
4376.806844	0.090699	0.451341	10975.957031
4376.807763	0.090714	0.451341	11059.323242
4376.808620	0.090721	0.451341	11137.071289
4376.809695	0.090795	0.451341	11234.675781
4376.810702	0.090699	0.451341	11326.009766
4376.811584	0.090626	0.451341	11405.942383
4376.812560	0.090791	0.451341	11494.554687
4377.806872	1.278757	0.454600	644.493713
4377.807776	1.718774	0.454600	2198.265869
4377.808641	1.692272	0.454600	3662.081055
4377.809751	1.636157	0.454600	5478.215820
4377.810711	1.586656	0.454600	7001.406250
4377.811594	1.544000	0.454600	8364.758789
4377.812629	1.495880	0.454600	9912.995117
4377.813684	0.672484	0.454600	10622.465820
4377.814558	0.093457	0.454600	10704.147461
4377.815456	0.090677	0.454600	10785.576172
4377.816553	0.090721	0.454600	10885.097656
4377.817502	0.090674	0.454600	10971.147461
4377.818359	0.090681	0.454600	11048.861328
4377.819380	0.090747	0.454600	11141.513672
4377.820418	0.090688	0.454600	11235.648437
4377.821305	0.090568	0.454600	11315.981445
4377.822229	0.090754	0.454600	11399.838867
4377.823297	0.090740	0.454600	11496.749023
4378.832909	1.271415	0.470053	640.793030
4378.833904	1.719745	0.470053	2351.939209
4378.834801	1.688247	0.470053	3866.296875
4378.835804	1.635861	0.470053	5507.065430
4378.836868	1.582753	0.470053	7191.114258
4378.837771	1.537745	0.470053	8579.698242
4378.838667	1.494031	0.470053	9918.349609
4378.839786	0.582872	0.470053	10570.583984
4378.840732	0.091392	0.470053	10657.040039
4378.841591	0.090732	0.470053	10734.979492
4378.842630	0.090751	0.470053	10829.269531
4378.843659	0.090641	0.470053	10922.539062
4378.844537	0.090681	0.470053	11002.157227
4378.845481	0.090791	0.470053	11087.864258
4378.846537	0.090769	0.470053	11183.716797
4378.847473	0.090652	0.470053	11268.567383
4378.848328	0.090670	0.470053	11346.090820
4378.849368	0.090776	0.470053	11440.498047
4379.844055	1.224302	0.471012	539.917053
4379.844937	1.715471	0.471012	2052.962646
4379.845817	1.697582	0.471012	3546.834473
4379.846776	1.649242	0.471012	5128.457520
4379.847710	1.599485	0.471012	6622.376465
4379.848602	1.555382	0.471012	8009.777344
4379.849473	1.512143	0.471012	9326.854492
4379.850520	1.204010	0.471012	10587.453125
4379.851448	0.141855	0.471012	10719.094727
4379.852310	0.090564	0.471012	10797.161133
4379.853323	0.090758	0.471012	10889.098633
4379.854223	0.090652	0.471012	10970.685547
4379.855118	0.090652	0.471012	11051.819336
4379.855993	0.090688	0.471012	11131.171875
4379.857019	0.090623	0.471012	11224.150391
4379.857916	0.090729	0.471012	11305.534180
4379.858796	0.090740	0.471012	11385.384766
4379.859756	0.090721	0.471012	11472.477539
4380.870150	1.278138	0.469179	621.175232
4380.871031	1.717233	0.469179	2134.057129
4380.871897	1.695630	0.469179	3602.472656
4380.872962	1.640801	0.469179	5349.925781
4380.873907	1.592439	0.469179	6854.780273
4380.874775	1.549369	0.469179	8199.632812
4380.875714	1.504790	0.469179	9612.630859
4380.876776	0.941330	0.469179	10612.324219
4380.877672	0.103381	0.469179	10704.954102
4380.878538	0.090582	0.469179	10783.398437
4380.879572	0.090718	0.469179	10877.200195
4380.880527	0.090714	0.469179	10963.832031
4380.881401	0.090729	0.469179	11043.128906
4380.882310	0.090795	0.469179	11125.661133
4380.883366	0.090747	0.469179	11221.490234
4380.884246	0.090677	0.469179	11301.286133
4380.885103	0.090688	0.469179	11379.005859
4380.886134	0.090740	0.469179	11472.558594
4381.881281	1.198546	0.479737	512.977783
4381.882300	1.716650	0.479737	2262.244629
4381.883342	1.683351	0.479737	4016.296143
4381.884239	1.636143	0.479737	5483.916016
4381.885198	1.587949	0.479737	7006.759277
4381.886267	1.535713	0.479737	8648.436523
4381.887208	1.491145	0.479737	10051.603516
4381.888076	0.786676	0.479737	10734.438477
4381.889148	0.092644	0.479737	10833.752930
4381.890146	0.090626	0.479737	10924.198242
4381.891036	0.090667	0.479737	11004.891602
4381.892011	0.090784	0.479737	11093.405273
4381.893064	0.090729	0.479737	11188.942383
4381.893969	0.090663	0.479737	11270.992187
4381.894825	0.090696	0.479737	11348.627930
4381.895888	0.090696	0.479737	11445.037109
4381.896883	0.090626	0.479737	11535.209961
4381.897759	0.090656	0.479737	11614.624023
4382.907835	1.189453	0.472281	505.517578
4382.908862	1.716753	0.472281	2268.622803
4382.909894	1.683955	0.472281	4006.464355
4382.910789	1.636915	0.472281	5471.503418
4382.911725	1.589323	0.472281	6959.109375
4382.912798	1.537064	0.472281	8608.378906
4382.913735	1.492625	0.472281	10006.967773
4382.914599	0.843633	0.472281	10735.866211
4382.915652	0.094211	0.472281	10835.071289
4382.916661	0.090659	0.472281	10926.546875
4382.917534	0.090681	0.472281	11005.711914
4382.918476	0.090725	0.472281	11091.174805
4382.919527	0.090740	0.472281	11186.541992
4382.920440	0.090714	0.472281	11269.364258
4382.921308	0.090725	0.472281	11348.113281
4382.922349	0.090802	0.472281	11442.637695
4382.923350	0.090601	0.472281	11533.329102
4382.924237	0.090677	0.472281	11613.759766
4383.920073	1.224532	0.455148	530.222595
4383.920954	1.715596	0.455148	2041.662354
4383.921960	1.691547	0.455148	3743.358398
4383.923022	1.636897	0.455148	5481.743164
4383.923923	1.589960	0.455148	6914.296875
4383.924826	1.544608	0.455148	8309.078125
4383.925939	1.493419	0.455148	9971.253906
4383.926893	0.746561	0.455148	10683.473633
4383.927755	0.095643	0.455148	10765.917969
4383.928789	0.090758	0.455148	10859.761719
4383.929814	0.090740	0.455148	10952.769531
4383.930701	0.090688	0.455148	11033.209961
4383.931642	0.090718	0.455148	11118.575195
4383.932705	0.090758	0.455148	11215.050781
4383.933648	0.090692	0.455148	11300.573242
4383.934572	0.090685	0.455148	11384.366211
4383.935454	0.090648	0.455148	11464.318359
4383.936401	0.090747	0.455148	11550.255859
4384.945211	1.325815	0.455217	738.479126
4384.946279	1.718485	0.455217	2573.821289
4384.947158	1.682637	0.455217	4052.858887
4384.948040	1.635150	0.455217	5495.061523
4384.949133	1.581006	0.455217	7223.100586
4384.950098	1.534629	0.455217	8704.017578
4384.950962	1.493071	0.455217	9994.031250
4384.951987	0.641719	0.455217	10651.792969
4384.953037	0.091498	0.455217	10747.865234
4384.953915	0.090663	0.455217	10827.466797
4384.954841	0.090813	0.455217	10911.559570
4384.955911	0.090747	0.455217	11008.659180
4384.956859	0.090699	0.455217	11094.642578
4384.957722	0.090663	0.455217	11172.884766
4384.958790	0.090809	0.455217	11269.869141
4384.959823	0.090645	0.455217	11363.504883
4384.960717	0.090688	0.455217	11444.580078
4384.961677	0.090732	0.455217	11531.683594
4385.956815	1.202904	0.464965	531.683594
4385.957674	1.714050	0.464965	2004.052734
4385.958730	1.689192	0.464965	3787.839355
4385.959749	1.636073	0.464965	5454.997559
4385.960640	1.590817	0.464965	6872.415039
4385.961617	1.543715	0.464965	8380.624023
4385.962686	1.493068	0.464965	9976.712891
4385.963607	0.776543	0.464965	10691.909180
4385.964470	0.096760	0.464965	10775.413086
4385.965573	0.090710	0.464965	10875.466797
4385.966538	0.090648	0.464965	10962.942383
4385.967419	0.090659	0.464965	11042.813477
4385.968412	0.090762	0.464965	11132.939453
4385.969466	0.090659	0.464965	11228.494141
4385.970351	0.090648	0.464965	11308.717773
4385.971211	0.090699	0.464965	11386.719727
4385.972316	0.090696	0.464965	11486.938477
4385.973267	0.090604	0.464965	11573.103516
4386.982899	1.257455	0.449025	597.291016
4386.983778	1.716969	0.449025	2106.506836
4386.984750	1.692085	0.449025	3751.213379
4386.985818	1.636348	0.449025	5498.832520
4386.986741	1.588722	0.449025	6965.222656
4386.987603	1.545271	0.449025	8297.246094
4386.988688	1.495455	0.449025	9919.815430
4386.989697	0.724944	0.449025	10651.284180
4386.990565	0.094746	0.449025	10733.523437
4386.991549	0.090754	0.449025	10822.826172
4386.992600	0.090820	0.449025	10918.278320
4386.993505	0.090736	0.449025	11000.394531
4386.994366	0.090754	0.449025	11078.534180
4386.995450	0.090828	0.449025	11176.991211
4386.996445	0.090736	0.449025	11267.273437
4386.997334	0.090699	0.449025	11347.905273
4386.998304	0.090853	0.449025	11436.033203
4386.999361	0.090758	0.449025	11531.964844
4387.994559	1.193569	0.433806	506.073395
4387.995531	1.712772	0.433806	2170.887939
4387.996500	1.690225	0.433806	3808.715576
4387.997425	1.642167	0.433806	5327.719727
4387.998289	1.596724	0.433806	6707.289062
4387.999309	1.547252	0.433806	8285.486328
4388.000218	1.503746	0.433806	9652.391602
4388.001092	1.173878	0.433806	10678.361328
4388.002001	0.141830	0.433806	10807.284180
4388.003012	0.090674	0.433806	10898.955078
4388.003937	0.090703	0.433806	10982.855469
4388.004810	0.090707	0.433806	11062.042969
4388.005827	0.090754	0.433806	11154.339844
4388.006733	0.090699	0.433806	11236.513672
4388.007651	0.090714	0.433806	11319.789062
4388.008512	0.090703	0.433806	11397.884766
4388.009547	0.090692	0.433806	11491.750977
4388.010421	0.090670	0.433806	11570.997070
4389.021120	1.197228	0.424940	510.019043
4389.022089	1.712465	0.424940	2169.397461
4389.023049	1.690177	0.424940	3791.967285
4389.023928	1.643884	0.424940	5236.941406
4389.024859	1.595940	0.424940	6722.761719
4389.025930	1.544476	0.424940	8376.895508
4389.026821	1.501809	0.424940	9715.007812
4389.027691	1.121426	0.424940	10690.648437
4389.028741	0.109222	0.424940	10805.332031
4389.029705	0.090677	0.424940	10892.745117
4389.030580	0.090754	0.424940	10972.155273
4389.031496	0.090820	0.424940	11055.346680
4389.032572	0.090692	0.424940	11152.931641
4389.033448	0.090685	0.424940	11232.371094
4389.034307	0.090725	0.424940	11310.303711
4389.035334	0.090802	0.424940	11403.557617
4389.036289	0.090674	0.424940	11490.151367
4389.037163	0.090619	0.424940	11569.352539
4390.030280	1.206050	0.419949	523.425598
4390.031144	1.713519	0.419949	2003.906250
4390.032238	1.688767	0.419949	3851.417480
4390.033159	1.640024	0.419949	5361.879883
4390.034032	1.595581	0.419949	6754.822266
4390.035029	1.547179	0.419949	8297.359375
4390.036044	1.498619	0.419949	9818.458008
4390.036928	1.003619	0.419949	10705.657227
4390.037790	0.111925	0.419949	10802.136719
4390.038869	0.090634	0.419949	10899.930664
4390.039793	0.090648	0.419949	10983.689453
4390.040666	0.090703	0.419949	11062.873047
4390.041638	0.090743	0.419949	11151.075195
4390.042645	0.090710	0.419949	11242.420898
4390.043527	0.090659	0.419949	11322.381836
4390.044384	0.090637	0.419949	11400.057617
4390.045457	0.090725	0.419949	11497.405273
4390.046381	0.090634	0.419949	11581.150391
4391.060406	1.188289	0.409362	499.081207
4391.061460	1.717441	0.409362	2309.264404
4391.062490	1.682673	0.409362	4042.417969
4391.063382	1.635450	0.409362	5501.239746
4391.064337	1.587524	0.409362	7017.325684
4391.065398	1.535574	0.409362	8646.569336
4391.066335	1.491266	0.409362	10043.885742
4391.067204	0.792092	0.409362	10732.213867
4391.068286	0.092761	0.409362	10832.581055
4391.069280	0.090710	0.409362	10922.747070
4391.070158	0.090652	0.409362	11002.339844
4391.071151	0.090776	0.409362	11092.480469
4391.072198	0.090714	0.409362	11187.458008
4391.073095	0.090667	0.409362	11268.786133
4391.073955	0.090659	0.409362	11346.752930
4391.075033	0.090872	0.409362	11444.712891
4391.076027	0.090714	0.409362	11534.882812
4391.076900	0.090656	0.409362	11614.025391
4392.066490	1.187534	0.405129	499.951904
4392.067389	1.712369	0.405129	2039.371948
4392.068477	1.686998	0.405129	3874.826172
4392.069436	1.637270	0.405129	5444.968750
4392.070308	1.592380	0.405129	6833.524414
4392.071331	1.542349	0.405129	8411.346680
4392.072368	1.493815	0.405129	9960.432617
4392.073265	0.836462	0.405129	10710.739258
4392.074217	0.098903	0.405129	10804.894531
4392.075276	0.090729	0.405129	10900.976562
4392.076205	0.090608	0.405129	10985.151367
4392.077065	0.090586	0.405129	11063.055664
4392.078125	0.090773	0.405129	11159.274414
4392.079136	0.090619	0.405129	11250.889648
4392.080028	0.090590	0.405129	11331.695312
4392.081020	0.090710	0.405129	11421.679687
4392.082077	0.090659	0.405129	11517.506836
4392.082979	0.090696	0.405129	11599.314453
4393.101855	1.283104	0.411324	654.383118
4393.102780	1.719291	0.411324	2244.727051
4393.103643	1.691744	0.411324	3704.702393
4393.104733	1.636014	0.411324	5487.958008
4393.105736	1.584910	0.411324	7077.622070
4393.106620	1.541759	0.411324	8440.537109
4393.107631	1.494822	0.411324	9951.801758
4393.108688	0.636438	0.411324	10624.516602
4393.109581	0.092391	0.411324	10707.022461
4393.110438	0.090634	0.411324	10784.695312
4393.111544	0.090747	0.411324	10885.061523
4393.112505	0.090619	0.411324	10972.146484
4393.113384	0.090659	0.411324	11051.835937
4393.114369	0.090743	0.411324	11141.217773
4393.115423	0.090721	0.411324	11236.837891
4393.116315	0.090630	0.411324	11317.679687
4393.117182	0.090699	0.411324	11396.316406
4393.118287	0.090802	0.411324	11496.652344
4394.101283	1.291875	0.404826	664.023743
4394.102299	1.719305	0.404826	2410.838135
4394.103178	1.687313	0.404826	3893.986328
4394.104168	1.636267	0.404826	5513.890625
4394.105205	1.583357	0.404826	7155.832031
4394.106119	1.538577	0.404826	8562.090820
4394.106982	1.495627	0.404826	9852.817383
4394.108069	0.672246	0.404826	10583.548828
4394.109064	0.091553	0.404826	10674.643555
4394.109951	0.090637	0.404826	10755.039062
4394.110926	0.090743	0.404826	10843.513672
4394.111977	0.090751	0.404826	10938.892578
4394.112871	0.090688	0.404826	11019.967773
4394.113742	0.090725	0.404826	11098.989258
4394.114849	0.090718	0.404826	11199.414062
4394.115812	0.090590	0.404826	11286.651367
4394.116676	0.090593	0.404826	11364.923828
4394.117713	0.090685	0.404826	11458.963867
4395.141641	1.265508	0.411868	635.284912
4395.142561	1.718873	0.411868	2216.648437
4395.143422	1.692839	0.411868	3674.183105
4395.144498	1.637556	0.411868	5436.193359
4395.145500	1.586396	0.411868	7025.762695
4395.146390	1.543315	0.411868	8399.313477
4395.147380	1.497345	0.411868	9881.685547
4395.148440	0.698470	0.411868	10622.064453
4395.149337	0.093479	0.411868	10705.915039
4395.150192	0.090732	0.411868	10783.491211
4395.151285	0.090820	0.411868	10882.757812
4395.152272	0.090692	0.411868	10972.270508
4395.153152	0.090696	0.411868	11052.083008
4395.154164	0.090714	0.411868	11143.885742
4395.155203	0.090740	0.411868	11238.164062
4395.156083	0.090688	0.411868	11317.969727
4395.156952	0.090776	0.411868	11396.854492
4395.158049	0.090842	0.411868	11496.508789
4396.135886	1.211433	0.422011	531.819092
4396.136748	1.713516	0.422011	2008.869629
4396.137836	1.688492	0.422011	3845.949219
4396.138838	1.635337	0.422011	5484.556641
4396.139721	1.590725	0.422011	6889.166992
4396.140736	1.542107	0.422011	8454.405273
4396.141795	1.492537	0.422011	10035.001953
4396.142676	0.791396	0.422011	10732.222656
4396.143543	0.097262	0.422011	10816.548828
4396.144644	0.090696	0.422011	10916.405273
4396.145605	0.090615	0.422011	11003.486328
4396.146475	0.090688	0.422011	11082.385742
4396.147488	0.090776	0.422011	11174.341797
4396.148542	0.090725	0.422011	11269.965820
4396.149431	0.090703	0.422011	11350.600586
4396.150349	0.090714	0.422011	11433.875977
4396.151425	0.090732	0.422011	11531.503906
4396.152368	0.090688	0.422011	11617.023437
4397.180443	1.260732	0.419683	658.102295
4397.181493	1.718496	0.419683	2462.523193
4397.182411	1.683076	0.419683	4007.586914
4397.183280	1.636080	0.419683	5429.340820
4397.184371	1.582196	0.419683	7155.516602
4397.185364	1.533527	0.419683	8678.308594
4397.186261	1.491639	0.419683	10016.308594
4397.187265	0.641766	0.419683	10660.641602
4397.188317	0.091227	0.419683	10756.612305
4397.189214	0.090674	0.419683	10837.946289
4397.190073	0.090743	0.419683	10915.894531
4397.191180	0.090714	0.419683	11016.315430
4397.192137	0.090667	0.419683	11103.083008
4397.192996	0.090630	0.419683	11180.933594
4397.194075	0.090846	0.419683	11278.956055
4397.195119	0.090685	0.419683	11373.630859
4397.196001	0.090641	0.419683	11453.576172
4397.196916	0.090714	0.419683	11536.579102
4398.171157	1.281244	0.439587	649.590637
4398.172112	1.719364	0.439587	2291.583252
4398.172984	1.690602	0.439587	3765.788086
4398.174029	1.635710	0.439587	5475.105469
4398.175070	1.583236	0.439587	7123.253906
4398.175967	1.539510	0.439587	8504.195312
4398.176920	1.495031	0.439587	9928.958984
4398.177991	0.629608	0.439587	10603.269531
4398.178922	0.091989	0.439587	10688.911133
4398.179784	0.090670	0.439587	10767.068359
4398.180843	0.090736	0.439587	10863.158203
4398.181840	0.090612	0.439587	10953.498047
4398.182738	0.090677	0.439587	11034.926758
4398.183708	0.090758	0.439587	11122.961914
4398.184749	0.090637	0.439587	11217.315430
4398.185656	0.090699	0.439587	11299.580078
4398.186511	0.090740	0.439587	11377.162109
4398.187582	0.090787	0.439587	11474.395508
4399.218631	1.199813	0.404286	521.918762
4399.219495	1.714054	0.404286	2002.861328
4399.220549	1.690756	0.404286	3784.917725
4399.221592	1.636216	0.404286	5491.490723
4399.222481	1.590333	0.404286	6905.296875
4399.223429	1.544528	0.404286	8369.508789
4399.224482	1.494661	0.404286	9943.386719
4399.225422	0.793667	0.404286	10689.433594
4399.226278	0.097504	0.404286	10772.896484
4399.227339	0.090875	0.404286	10869.315430
4399.228356	0.090699	0.404286	10961.556641
4399.229227	0.090685	0.404286	11040.542969
4399.230185	0.090776	0.404286	11127.506836
4399.231238	0.090773	0.404286	11223.090820
4399.232166	0.090740	0.404286	11307.296875
4399.233035	0.090765	0.404286	11386.171875
4399.234097	0.090809	0.404286	11482.611328
4399.235101	0.090707	0.404286	11573.680664
4400.208357	1.256627	0.431502	575.535278
4400.209237	1.716376	0.431502	2085.945801
4400.210252	1.690583	0.431502	3801.888184
4400.211293	1.636132	0.431502	5505.101074
4400.212198	1.589235	0.431502	6943.358398
4400.213058	1.545333	0.431502	8272.344727
4400.214156	1.495675	0.431502	9914.595703
4400.215150	0.744437	0.431502	10654.566406
4400.216023	0.095599	0.431502	10738.024414
4400.217021	0.090740	0.431502	10828.583008
4400.218081	0.090795	0.431502	10924.825195
4400.218947	0.090630	0.431502	11003.310547
4400.219833	0.090787	0.431502	11083.748047
4400.220929	0.090776	0.431502	11183.239258
4400.221900	0.090641	0.431502	11271.251953
4400.222769	0.090780	0.431502	11350.139648
4400.223788	0.090828	0.431502	11442.693359
4400.224822	0.090725	0.431502	11536.502930
4401.255366	1.207940	0.379142	524.245728
4401.256232	1.713424	0.379142	2008.071045
4401.257333	1.687786	0.379142	3866.322998
4401.258325	1.635820	0.379142	5489.056641
4401.259222	1.590205	0.379142	6915.470703
4401.260239	1.541104	0.379142	8482.773437
4401.261294	1.491694	0.379142	10056.510742
4401.262188	0.757321	0.379142	10733.555664
4401.263051	0.096313	0.379142	10816.673828
4401.264163	0.090729	0.379142	10917.564453
4401.265108	0.090656	0.379142	11003.234375
4401.265971	0.090667	0.379142	11081.479492
4401.267027	0.090769	0.379142	11177.332031
4401.268062	0.090707	0.379142	11271.213867
4401.268934	0.090721	0.379142	11350.323242
4401.269840	0.090736	0.379142	11432.530273
4401.270919	0.090754	0.379142	11530.454102
4401.271861	0.090626	0.379142	11615.824219
4402.247707	1.281207	0.415896	649.572083
4402.248615	1.718478	0.415896	2209.949951
4402.249480	1.691836	0.415896	3673.387939
4402.250583	1.636084	0.415896	5477.988281
4402.251574	1.585071	0.415896	7048.793457
4402.252457	1.542433	0.415896	8410.761719
4402.253464	1.495525	0.415896	9916.754883
4402.254520	0.683005	0.415896	10638.008789
4402.255387	0.093274	0.415896	10718.876953
4402.256253	0.090692	0.415896	10797.416016
4402.257367	0.090740	0.415896	10898.500000
4402.258336	0.090648	0.415896	10986.337891
4402.259205	0.090615	0.415896	11065.083008
4402.260213	0.090850	0.415896	11156.659180
4402.261260	0.090659	0.415896	11251.579102
4402.262150	0.090688	0.415896	11332.291992
4402.263067	0.090718	0.415896	11415.480469
4402.264147	0.090740	0.415896	11513.479492
4403.291609	1.215688	0.371375	540.981384
4403.292478	1.715090	0.371375	2031.394775
4403.293403	1.694993	0.371375	3599.262939
4403.294501	1.639742	0.371375	5399.700195
4403.295375	1.593322	0.371375	6792.263184
4403.296243	1.550845	0.371375	8138.396484
4403.297268	1.502197	0.371375	9678.148437
4403.298233	1.018301	0.371375	10660.808594
4403.299109	0.111090	0.371375	10758.123047
4403.299996	0.090645	0.371375	10838.524414
4403.301089	0.090718	0.371375	10937.678711
4403.301981	0.090656	0.371375	11018.542969
4403.302843	0.090623	0.371375	11096.659180
4403.303905	0.090754	0.371375	11193.040039
4403.304888	0.090674	0.371375	11282.172852
4403.305757	0.090725	0.371375	11361.012695
4403.306618	0.090710	0.371375	11439.114258
4403.307715	0.090685	0.371375	11538.595703
4404.286392	1.198769	0.401096	505.880707
4404.287493	1.718090	0.401096	2397.497314
4404.288413	1.685383	0.401096	3948.049805
4404.289292	1.639468	0.401096	5389.142090
4404.290311	1.588429	0.401096	7007.750977
4404.291315	1.538826	0.401096	8552.732422
4404.292195	1.497023	0.401096	9870.112305
4404.293060	0.957902	0.401096	10698.697266
4404.294161	0.096764	0.401096	10805.234375
4404.295059	0.090659	0.401096	10886.646484
4404.295928	0.090703	0.401096	10965.467773
4404.296895	0.090696	0.401096	11053.170898
4404.297913	0.090667	0.401096	11145.469727
4404.298801	0.090714	0.401096	11226.023437
4404.299662	0.090688	0.401096	11304.106445
4404.300723	0.090784	0.401096	11400.427734
4404.301656	0.090685	0.401096	11485.037109
4404.302533	0.090699	0.401096	11564.580078
4405.326264	1.197719	0.384306	503.041779
4405.327351	1.717522	0.384306	2369.988037
4405.328260	1.686888	0.384306	3903.369629
4405.329135	1.641196	0.384306	5339.416504
4405.330135	1.591366	0.384306	6930.782227
4405.331149	1.540518	0.384306	8492.867187
4405.332037	1.498641	0.384306	9823.661133
4405.332901	1.011108	0.384306	10697.258789
4405.333974	0.098661	0.384306	10803.122070
4405.334898	0.090656	0.384306	10886.887695
4405.335771	0.090652	0.384306	10966.026367
4405.336739	0.090798	0.384306	11053.918945
4405.337756	0.090677	0.384306	11146.137695
4405.338646	0.090692	0.384306	11226.853516
4405.339507	0.090743	0.384306	11304.983398
4405.340577	0.090740	0.384306	11402.075195
4405.341514	0.090645	0.384306	11487.008789
4405.342386	0.090648	0.384306	11566.053711
4406.328003	1.503508	0.400677	998.329529
4406.330080	1.669622	0.400677	4466.133301
4406.331100	1.615836	0.400677	6114.286133
4406.331995	1.570697	0.400677	7520.060059
4406.332860	1.527587	0.400677	8841.422852
4406.333981	1.440809	0.400677	10456.570312
4406.334913	0.292299	0.400677	10728.992187
4406.335790	0.090535	0.400677	10808.390625
4406.336784	0.090751	0.400677	10898.596680
4406.337790	0.090608	0.400677	10989.748047
4406.338689	0.090685	0.400677	11071.273437
4406.339545	0.090681	0.400677	11148.896484
4406.340628	0.090659	0.400677	11247.080078
4406.341528	0.090652	0.400677	11328.666992
4406.342396	0.090670	0.400677	11407.369141
4406.343394	0.090740	0.400677	11497.927734
