time (s)	theta (A)	maj axis/z0	min axis/z0	crossing#mod 255
4289.044021	163.502274	1.024634	0.100000	73
4291.077516	154.825729	1.036215	0.100000	75
4293.114051	157.445129	0.996349	0.082017	77
4295.153042	156.985062	1.003778	0.080579	79
4297.192663	156.651917	1.011722	0.078875	81
4299.232150	156.428238	1.021901	0.077799	83
4301.270716	156.095596	1.032435	0.076130	85
4303.307978	156.041321	1.041751	0.073515	87
4305.345092	155.950562	1.050020	0.072127	89
4307.381276	155.881729	1.057900	0.068918	91
4309.416707	155.874969	1.066492	0.067016	93
4311.452459	155.679077	1.074256	0.064192	95
4313.489423	155.649872	1.081478	0.060610	97
4315.529408	155.538849	1.087302	0.057860	99
4317.571860	155.627060	1.095544	0.056513	101
4319.613470	155.641632	1.105174	0.053647	103
4321.652174	155.708725	1.115753	0.051147	105
4323.689465	155.368744	1.123579	0.048942	107
4325.724370	155.035370	1.130998	0.046685	109
4327.758455	154.966019	1.137640	0.043430	111
4329.793524	155.038345	1.142755	0.040584	113
4331.829874	155.057526	1.147560	0.036057	115
4333.867522	155.172852	1.158393	0.033089	117
4335.906213	155.157059	1.165183	0.031100	119
4337.945160	155.102936	1.170717	0.028340	121
4339.983634	155.159912	1.180225	0.026341	123
4342.021581	155.071503	1.189024	0.024293	125
4344.058502	155.143860	1.195697	0.021691	127
4346.094933	155.249405	1.200208	0.019399	129
4348.131428	155.322678	1.204652	0.018146	131
4350.168526	155.252960	1.209751	0.016110	133
4352.206137	155.227539	1.213560	0.014401	135
4354.244257	154.983429	1.216969	0.013166	137
4356.284290	154.593750	1.224166	0.011895	139
4358.325636	154.253235	1.234869	0.010657	141
4360.366134	154.162888	1.245793	0.008944	143
4362.403635	154.311966	1.255331	0.008094	145
4364.438520	154.447983	1.263622	0.006910	147
4366.473198	154.783691	1.270132	0.005706	149
4368.508306	154.998413	1.274599	0.004627	151
4370.544177	154.903381	1.277559	0.002590	153
4372.581449	154.824997	1.282452	0.000358	155
4374.619057	154.738739	1.287760	-0.002233	157
4376.656465	154.625397	1.287881	-0.004143	159
4378.693825	154.512451	1.290989	-0.005732	161
4380.730994	154.407883	1.298342	-0.007875	163
4382.768331	154.310287	1.301400	-0.009799	165
4384.805767	154.213440	1.309844	-0.011696	167
4386.843532	154.158768	1.314364	-0.014226	169
4388.881972	154.203156	1.322688	-0.015676	171
4390.920999	154.178894	1.324980	-0.017447	173
4392.961513	154.354767	1.330214	-0.020622	175
4395.000883	154.613693	1.335545	-0.023091	177
4397.039492	154.767761	1.341376	-0.025290	179
4399.077396	154.797455	1.348558	-0.027398	181
4401.114486	154.534958	1.355117	-0.029510	183
4403.150385	154.227081	1.360960	-0.031458	185
4405.185485	153.868439	1.362747	-0.032258	187
4407.221110	153.657791	1.365868	-0.033747	189
4409.256179	153.415390	1.361545	-0.035416	191
4411.292053	153.330048	1.356329	-0.037917	193
4413.328071	153.338806	1.353418	-0.040251	195
4415.364249	153.422211	1.350492	-0.042928	197
4417.400916	153.496628	1.349138	-0.044577	199
4419.437658	153.462875	1.347781	-0.046103	201
4421.475197	153.492783	1.350555	-0.048775	203
4423.512130	153.286713	1.347415	-0.051200	205
4425.549883	153.210159	1.342204	-0.053322	207
4427.587389	153.175018	1.337901	-0.055850	209
4429.625414	153.135452	1.333183	-0.056931	211
4431.663756	153.267776	1.331797	-0.058908	213
4433.702469	153.228760	1.330245	-0.061822	215
4435.740588	153.136215	1.331676	-0.064415	217
4437.777909	153.109344	1.327463	-0.066570	219
4439.813323	153.121841	1.325912	-0.068529	221
4441.848206	152.382812	1.314209	-0.100000	223
4443.883082	152.444839	1.319725	-0.100000	225
4445.918176	152.459915	1.320076	-0.100000	227
4447.953475	152.471664	1.323181	-0.077535	229
4449.989447	161.221298	1.213698	-0.100000	231
4452.025495	152.139908	1.319440	-0.082857	233
4454.062038	168.319427	1.171395	-0.100000	235
4456.098606	151.870575	1.307509	-0.100000	237
4458.135349	151.835937	1.304560	-0.100000	239
4460.172496	148.945587	1.286423	-0.100000	241
4462.210190	151.056961	1.254530	-0.100000	243
4464.248055	150.913727	1.253577	-0.100000	245
4466.286525	152.134521	1.299468	-0.098073	247
4468.325244	142.876740	1.190498	-0.100000	249
4470.363604	129.164078	1.139505	-0.100000	251
4472.401559	152.536972	1.288061	-0.100000	253
4474.438256	135.971359	1.154068	-0.100000	255
4476.474478	329.654846	1.423409	0.100000	1
4478.509902	329.657135	1.437492	0.100000	3
4480.544740	330.891418	1.551744	0.100000	5
4482.580163	330.050751	1.531201	0.100000	7
4484.615518	150.440567	1.280269	-0.100000	9
4486.651514	150.341324	1.276179	-0.100000	11
4488.687456	150.088654	1.276422	-0.100000	13
4490.723879	149.849792	1.271606	-0.100000	15
4492.760893	149.744705	1.266708	-0.100000	17
4494.797743	149.799881	1.262653	-0.100000	19
4496.835096	149.830994	1.260231	-0.100000	21
4498.872426	149.698059	1.260671	-0.100000	23
4500.909839	149.599274	1.253253	-0.100000	25
4502.947367	149.817673	1.249703	-0.100000	27
4504.986084	150.020813	1.250674	-0.100000	29
4507.023659	149.828094	1.251022	-0.100000	31
4509.061263	149.875885	1.245855	-0.100000	33
4511.098029	149.889526	1.240851	-0.100000	35
4513.133950	149.877899	1.242520	-0.100000	37
4515.169248	149.640884	1.246027	-0.100000	39
4517.203876	149.407745	1.245957	-0.100000	41
4519.239083	149.086823	1.247033	-0.100000	43
4521.274871	148.527603	1.239507	-0.100000	45
4523.310649	148.385834	1.235410	-0.100000	47
4525.346515	148.253586	1.236505	-0.100000	49
4527.383108	147.890991	1.234654	-0.100000	51
4529.419685	147.770264	1.229601	-0.100000	53
4531.456559	147.814453	1.226384	-0.100000	55
4533.493475	147.874115	1.226702	-0.100000	57
4535.530891	147.864471	1.224081	-0.100000	59
4537.568782	147.911362	1.219659	-0.100000	61
4539.606410	147.899292	1.216459	-0.100000	63
4541.644284	148.224777	1.213294	-0.100000	65
4543.682398	148.318619	1.209769	-0.100000	67
4545.719925	148.353699	1.208997	-0.100000	69
4547.756784	148.277802	1.209663	-0.100000	71
4549.793443	147.976944	1.208095	-0.100000	73
4551.829403	147.686081	1.208925	-0.100000	75
4553.865024	147.263199	1.206047	-0.100000	77
4555.900246	146.863083	1.206023	-0.100000	79
4557.936036	146.371292	1.203348	-0.100000	81
4559.971992	146.037903	1.198980	-0.100000	83
4562.007885	145.841125	1.194089	-0.100000	85
4564.044500	145.829575	1.192287	-0.100000	87
4566.081146	145.481491	1.191749	-0.100000	89
4568.117853	145.434052	1.188903	-0.100000	91
4570.155306	145.391266	1.186633	-0.100000	93
4572.192769	145.323990	1.183053	-0.100000	95
4574.230226	145.408279	1.178749	-0.100000	97
4576.268083	145.475540	1.177062	-0.100000	99
4578.305742	145.563400	1.174898	-0.100000	101
4580.342635	145.636459	1.172410	-0.100000	103
4582.379865	145.532028	1.170910	-0.100000	105
4584.416383	145.448288	1.168392	-0.100000	107
4586.452419	145.297714	1.167024	-0.100000	109
4588.487775	145.001373	1.166512	-0.100000	111
4590.523007	144.590012	1.167645	-0.100000	113
4592.558461	144.284988	1.169802	-0.100000	115
4594.594626	144.074493	1.167448	-0.100000	117
4596.629892	143.942490	1.166346	-0.100000	119
4598.666174	143.786499	1.164592	-0.100000	121
4600.702572	143.562057	1.164721	-0.100000	123
4602.739440	143.332108	1.163818	-0.100000	125
4604.776731	143.176834	1.159855	-0.100000	127
4606.813911	143.043854	1.156201	-0.100000	129
4608.851116	143.107498	1.153826	-0.100000	131
4610.888684	143.122391	1.155709	-0.100000	133
