time (s)	coil I (A)	last det (V)	int current (uC)
9284.356598	1.279786	0.272734	586.142151
9284.357487	1.717672	0.272734	2113.152588
9284.358485	1.690723	0.272734	3800.493652
9284.359544	1.635502	0.272734	5532.490234
9284.360449	1.588674	0.272734	6970.240234
9284.361315	1.544048	0.272734	8307.385742
9284.362424	1.493569	0.272734	9963.753906
9284.363399	0.738446	0.272734	10683.739258
9284.364264	0.095369	0.272734	10766.233398
9284.365350	0.090663	0.272734	10864.693359
9284.366376	0.090575	0.272734	10957.623047
9284.367275	0.090524	0.272734	11039.003906
9284.368214	0.090575	0.272734	11124.053711
9284.369273	0.090612	0.272734	11220.011719
9284.370203	0.090586	0.272734	11304.256836
9284.371065	0.090542	0.272734	11382.303711
9284.372103	0.090549	0.272734	11476.293945
9284.373131	0.090601	0.272734	11569.431641
9285.342756	1.290348	0.350146	669.690552
9285.343652	1.718873	0.350146	2209.801270
9285.344516	1.691759	0.350146	3671.481201
9285.345630	1.635926	0.350146	5493.903320
9285.346605	1.586558	0.350146	7040.796875
9285.347467	1.543865	0.350146	8371.608398
9285.348551	1.493119	0.350146	9990.149414
9285.349590	0.611492	0.350146	10625.489258
9285.350469	0.092527	0.350146	10706.820312
9285.351411	0.090623	0.350146	10792.186523
9285.352479	0.090549	0.350146	10888.893555
9285.353409	0.090546	0.350146	10973.100586
9285.354266	0.090579	0.350146	11050.726562
9285.355302	0.090623	0.350146	11144.611328
9285.356331	0.090641	0.350146	11237.880859
9285.357221	0.090590	0.350146	11318.505859
9285.358173	0.090721	0.350146	11404.873047
9285.359234	0.090663	0.350146	11501.066406
9286.386174	1.258480	0.329134	614.138306
9286.387053	1.717731	0.329134	2124.023437
9286.387990	1.693077	0.329134	3710.437012
9286.389070	1.636542	0.329134	5477.902344
9286.390016	1.588315	0.329134	6980.448730
9286.390886	1.544952	0.329134	8324.557617
9286.391950	1.495034	0.329134	9915.273437
9286.392976	0.691985	0.329134	10625.250000
9286.393867	0.093655	0.329134	10708.696289
9286.394833	0.090593	0.329134	10796.208984
9286.395889	0.090564	0.329134	10891.844727
9286.396802	0.090553	0.329134	10974.519531
9286.397665	0.090630	0.329134	11052.733398
9286.398758	0.090571	0.329134	11151.727539
9286.399753	0.090527	0.329134	11241.802734
9286.400632	0.090502	0.329134	11321.353516
9286.401618	0.090604	0.329134	11410.689453
9286.402657	0.090604	0.329134	11504.827148
9287.387577	1.201304	0.368237	506.950134
9287.388680	1.717961	0.368237	2401.861572
9287.389677	1.681267	0.368237	4078.084961
9287.390579	1.634392	0.368237	5552.306641
9287.391581	1.583595	0.368237	7139.068848
9287.392649	1.532395	0.368237	8775.666992
9287.393544	1.489131	0.368237	10108.439453
9287.394450	0.700649	0.368237	10743.227539
9287.395520	0.091571	0.368237	10841.208984
9287.396474	0.090531	0.368237	10927.575195
9287.397337	0.090560	0.368237	11005.728516
9287.398378	0.090612	0.368237	11100.054687
9287.399412	0.090557	0.368237	11193.690430
9287.400289	0.090535	0.368237	11273.088867
9287.401232	0.090652	0.368237	11358.573242
9287.402288	0.090590	0.368237	11454.236328
9287.403220	0.090564	0.368237	11538.641602
9287.404080	0.090586	0.368237	11616.545898
9288.425991	1.269939	0.340482	626.079895
9288.426867	1.717599	0.340482	2130.696533
9288.427821	1.692132	0.340482	3744.990967
9288.428880	1.636417	0.340482	5477.957031
9288.429811	1.588861	0.340482	6957.186523
9288.430687	1.545055	0.340482	8310.654297
9288.431747	1.495312	0.340482	9895.685547
9288.432766	0.713811	0.340482	10623.058594
9288.433670	0.093750	0.340482	10707.808594
9288.434648	0.090575	0.340482	10796.390625
9288.435704	0.090612	0.340482	10892.076172
9288.436617	0.090564	0.340482	10974.760742
9288.437478	0.090623	0.340482	11052.787109
9288.438580	0.090608	0.340482	11152.636719
9288.439562	0.090579	0.340482	11241.584961
9288.440449	0.090623	0.340482	11321.966797
9288.441460	0.090732	0.340482	11413.697266
9288.442506	0.090663	0.340482	11508.530273
9289.420212	1.182411	0.384564	495.430176
9289.421184	1.712747	0.384564	2160.219727
9289.422238	1.685790	0.384564	3937.042236
9289.423163	1.637109	0.384564	5451.368164
9289.424030	1.591403	0.384564	6831.114258
9289.425112	1.539767	0.384564	8497.141602
9289.426107	1.492610	0.384564	9982.288086
9289.427009	0.811014	0.384564	10713.823242
9289.428014	0.096606	0.384564	10810.913086
9289.429054	0.090648	0.384564	10905.187500
9289.429942	0.090582	0.384564	10985.625000
9289.430799	0.090575	0.384564	11063.248047
9289.431903	0.090681	0.384564	11163.360352
9289.432861	0.090630	0.384564	11250.183594
9289.433718	0.090619	0.384564	11327.843750
9289.434795	0.090784	0.384564	11425.618164
9289.435837	0.090659	0.384564	11520.084961
9289.436705	0.090582	0.384564	11598.709961
9290.471869	1.195448	0.343805	510.456299
9290.472858	1.717244	0.343805	2208.810303
9290.473785	1.691986	0.343805	3777.281250
9290.474651	1.645891	0.343805	5202.623047
9290.475693	1.593457	0.343805	6863.005371
9290.476581	1.548541	0.343805	8238.110352
9290.477460	1.506991	0.343805	9562.755859
9290.478367	1.125981	0.343805	10584.021484
9290.479378	0.114521	0.343805	10699.802734
9290.480301	0.090531	0.343805	10783.363281
9290.481177	0.090579	0.343805	10862.709961
9290.482189	0.090623	0.343805	10954.419922
9290.483096	0.090571	0.343805	11036.568359
9290.484019	0.090575	0.343805	11120.168945
9290.484878	0.090619	0.343805	11198.010742
9290.485931	0.090494	0.343805	11293.301758
9290.486814	0.090546	0.343805	11373.253906
9290.487679	0.090516	0.343805	11451.550781
9291.453891	1.205614	0.346440	522.030884
9291.454754	1.712970	0.346440	2000.323975
9291.455810	1.690386	0.346440	3785.371338
9291.456704	1.643503	0.346440	5254.663086
9291.457580	1.598811	0.346440	6655.221680
9291.458581	1.550548	0.346440	8207.320312
9291.459530	1.504226	0.346440	9634.831055
9291.460453	1.122440	0.346440	10670.843750
9291.461321	0.130752	0.346440	10784.336914
9291.462363	0.090542	0.346440	10878.681641
9291.463239	0.090505	0.346440	10957.963867
9291.464112	0.090509	0.346440	11036.978516
9291.465052	0.090659	0.346440	11122.198242
9291.466026	0.090527	0.346440	11210.372070
9291.466934	0.090480	0.346440	11292.527344
9291.467806	0.090524	0.346440	11371.463867
9291.468847	0.090494	0.346440	11465.668945
9291.469757	0.090535	0.346440	11548.055664
9292.514744	1.207086	0.345352	508.183289
9292.515788	1.719005	0.345352	2302.824707
9292.516673	1.690540	0.345352	3798.952148
9292.517550	1.644437	0.345352	5241.123535
9292.518568	1.593651	0.345352	6863.460449
9292.519482	1.547362	0.345352	8277.749023
9292.520389	1.504146	0.345352	9642.008789
9292.521272	1.141165	0.345352	10649.657227
9292.522310	0.109417	0.345352	10763.231445
9292.523206	0.090524	0.345352	10844.340820
9292.524083	0.090604	0.345352	10923.800781
9292.525048	0.090619	0.345352	11011.248047
9292.526018	0.090582	0.345352	11099.113281
9292.526933	0.090535	0.345352	11181.952148
9292.527798	0.090560	0.345352	11260.287109
9292.528838	0.090626	0.345352	11354.538086
9292.529711	0.090575	0.345352	11433.610352
9292.530578	0.090564	0.345352	11512.128906
9293.486526	1.198407	0.312525	515.315002
9293.487391	1.712736	0.312525	1996.831299
9293.488505	1.687932	0.312525	3877.187744
9293.489432	1.638827	0.312525	5396.380371
9293.490312	1.593933	0.312525	6799.041504
9293.491292	1.546502	0.312525	8314.613281
9293.492296	1.498242	0.312525	9818.848633
9293.493188	0.997738	0.312525	10708.831055
9293.494045	0.111969	0.312525	10804.788086
9293.495133	0.090564	0.312525	10903.321289
9293.496044	0.090560	0.312525	10985.821289
9293.496911	0.090513	0.312525	11064.295898
9293.497871	0.090586	0.312525	11151.258789
9293.498885	0.090575	0.312525	11243.101562
9293.499771	0.090601	0.312525	11323.374023
9293.500633	0.090564	0.312525	11401.440430
9293.501682	0.090688	0.312525	11496.572266
9293.502618	0.090568	0.312525	11581.343750
9294.557706	1.272382	0.314838	637.463135
9294.558728	1.719192	0.314838	2394.477051
9294.559618	1.686995	0.314838	3895.902344
9294.560577	1.637446	0.314838	5466.213379
9294.561635	1.582950	0.314838	7140.975098
9294.562582	1.537024	0.314838	8596.537109
9294.563450	1.495012	0.314838	9894.208008
9294.564524	0.663516	0.314838	10606.824219
9294.565522	0.091714	0.314838	10698.354492
9294.566400	0.090575	0.314838	10777.878906
9294.567388	0.090623	0.314838	10867.414062
9294.568438	0.090718	0.314838	10962.667969
9294.569341	0.090564	0.314838	11044.447266
9294.570198	0.090663	0.314838	11122.145508
9294.571281	0.090699	0.314838	11220.373047
9294.572264	0.090571	0.314838	11309.404297
9294.573137	0.090615	0.314838	11388.511719
9294.574130	0.090656	0.314838	11478.532227
9295.522238	1.198748	0.359967	511.865234
9295.523111	1.713739	0.359967	2007.959473
9295.524114	1.692609	0.359967	3705.645996
9295.525177	1.637622	0.359967	5446.438477
9295.526070	1.591267	0.359967	6867.439941
9295.526980	1.545718	0.359967	8274.042969
9295.528083	1.494463	0.359967	9922.435547
9295.529050	0.775232	0.359967	10672.084961
9295.529915	0.096530	0.359967	10755.583008
9295.530958	0.090630	0.359967	10850.110352
9295.531971	0.090546	0.359967	10941.833008
9295.532858	0.090582	0.359967	11022.179687
9295.533804	0.090663	0.359967	11107.946289
9295.534853	0.090641	0.359967	11203.028320
9295.535774	0.090557	0.359967	11286.430664
9295.536632	0.090593	0.359967	11364.160156
9295.537685	0.090586	0.359967	11459.546875
9295.538695	0.090571	0.359967	11551.023437
9296.596408	1.187882	0.289133	501.286224
9296.597421	1.716046	0.289133	2239.640869
9296.598465	1.684310	0.289133	3998.060791
9296.599357	1.636663	0.289133	5457.963867
9296.600295	1.588806	0.289133	6948.264160
9296.601383	1.535984	0.289133	8619.414062
9296.602328	1.491094	0.289133	10028.498047
9296.603197	0.804250	0.289133	10727.391602
9296.604266	0.093010	0.289133	10826.819336
9296.605275	0.090575	0.289133	10918.208984
9296.606162	0.090538	0.289133	10998.516602
9296.607133	0.090557	0.289133	11086.447266
9296.608163	0.090582	0.289133	11179.747070
9296.609076	0.090531	0.289133	11262.402344
9296.609935	0.090560	0.289133	11340.193359
9296.611002	0.090630	0.289133	11436.895508
9296.611999	0.090546	0.289133	11527.169922
9296.612872	0.090630	0.289133	11606.290039
9297.564187	1.278600	0.382667	650.807312
9297.565197	1.718698	0.382667	2386.691895
9297.566076	1.687255	0.382667	3869.788574
9297.567055	1.636344	0.382667	5471.769531
9297.568120	1.581984	0.382667	7156.582031
9297.569039	1.537050	0.382667	8569.130859
9297.569909	1.494613	0.382667	9869.444336
9297.571006	0.646439	0.382667	10578.587891
9297.571996	0.091362	0.382667	10669.036133
9297.572888	0.090597	0.382667	10749.848633
9297.573859	0.090656	0.382667	10837.875000
9297.574909	0.090626	0.382667	10933.032227
9297.575804	0.090560	0.382667	11014.083984
9297.576665	0.090560	0.382667	11092.056641
9297.577769	0.090630	0.382667	11192.112305
9297.578747	0.090564	0.382667	11280.683594
9297.579607	0.090586	0.382667	11358.587891
9297.580697	0.090652	0.382667	11457.398437
9298.633144	1.202754	0.311825	507.562134
9298.634219	1.717218	0.311825	2353.571533
9298.635221	1.681897	0.311825	4038.832520
9298.636118	1.635385	0.311825	5505.772461
9298.637121	1.584481	0.311825	7095.007324
9298.638177	1.533970	0.311825	8714.878906
9298.639070	1.490804	0.311825	10046.166992
9298.639960	0.756826	0.311825	10719.742187
9298.641056	0.091868	0.311825	10820.428711
9298.642010	0.090601	0.311825	10906.861328
9298.642879	0.090575	0.311825	10985.571289
9298.643915	0.090696	0.311825	11079.532227
9298.644949	0.090557	0.311825	11173.167969
9298.645840	0.090608	0.311825	11253.899414
9298.646777	0.090674	0.311825	11338.860352
9298.647825	0.090674	0.311825	11433.886719
9298.648766	0.090564	0.311825	11519.107422
9298.649624	0.090637	0.311825	11596.874023
9299.605947	1.188160	0.369196	502.591858
9299.606969	1.712926	0.369196	2253.202148
9299.608017	1.683311	0.369196	4017.311523
9299.608915	1.635703	0.369196	5486.172852
9299.609777	1.589333	0.369196	6856.178223
9299.610911	1.537009	0.369196	8599.146484
9299.611873	1.491171	0.369196	10033.652344
9299.612736	0.814691	0.369196	10736.730469
9299.613789	0.093567	0.369196	10835.256836
9299.614822	0.090612	0.369196	10928.858398
9299.615713	0.090520	0.369196	11009.511719
9299.616632	0.090623	0.369196	11092.793945
9299.617705	0.090579	0.369196	11189.984375
9299.618641	0.090513	0.369196	11274.704102
9299.619511	0.090564	0.369196	11353.495117
9299.620555	0.090659	0.369196	11448.143555
9299.621575	0.090582	0.369196	11540.537109
9299.622469	0.090560	0.369196	11621.498047
9300.666951	1.325273	0.348909	748.779480
9300.668015	1.717844	0.348909	2576.565674
9300.668890	1.681904	0.348909	4048.231934
9300.669795	1.633264	0.348909	5526.335937
9300.670891	1.578684	0.348909	7256.573730
9300.671841	1.532904	0.348909	8712.832031
9300.672719	1.491149	0.348909	10022.060547
9300.673768	0.584051	0.348909	10634.730469
9300.674789	0.090806	0.348909	10727.443359
9300.675680	0.090527	0.348909	10808.103516
9300.676637	0.090619	0.348909	10894.826172
9300.677690	0.090527	0.348909	10990.151367
9300.678625	0.090531	0.348909	11074.797852
9300.679485	0.090593	0.348909	11152.708008
9300.680571	0.090648	0.348909	11251.152344
9300.681572	0.090524	0.348909	11341.766602
9300.682461	0.090535	0.348909	11422.251953
9300.683424	0.090615	0.348909	11509.514648
9301.651902	1.195056	0.353590	512.679077
9301.652773	1.712842	0.353590	2004.564209
9301.653848	1.688686	0.353590	3819.902344
9301.654855	1.635905	0.353590	5467.258301
9301.655747	1.590267	0.353590	6885.776855
9301.656765	1.541711	0.353590	8455.239258
9301.657814	1.491676	0.353590	10020.007812
9301.658713	0.770134	0.353590	10712.358398
9301.659571	0.096848	0.353590	10795.454102
9301.660680	0.090721	0.353590	10896.064453
9301.661639	0.090505	0.353590	10982.859375
9301.662498	0.090527	0.353590	11060.622070
9301.663565	0.090674	0.353590	11157.371094
9301.664607	0.090597	0.353590	11251.773437
9301.665481	0.090520	0.353590	11330.887695
9301.666389	0.090593	0.353590	11413.146484
9301.667466	0.090696	0.353590	11510.826172
9301.668407	0.090656	0.353590	11596.132812
9302.695360	1.194730	0.369655	510.149841
9302.696269	1.711564	0.369655	2065.961182
9302.697352	1.685991	0.369655	3891.889648
9302.698302	1.636542	0.369655	5446.604492
9302.699175	1.591527	0.369655	6836.007812
9302.700212	1.540752	0.369655	8433.767578
9302.701247	1.492273	0.369655	9978.270508
9302.702144	0.814512	0.369655	10708.887695
9302.703098	0.097965	0.369655	10802.346680
9302.704155	0.090634	0.369655	10898.146484
9302.705089	0.090502	0.369655	10982.674805
9302.705949	0.090604	0.369655	11060.594727
9302.707013	0.090641	0.369655	11157.036133
9302.708020	0.090549	0.369655	11248.219727
9302.708910	0.090560	0.369655	11328.818359
9302.709877	0.090582	0.369655	11416.411133
9302.710923	0.090612	0.369655	11511.190430
9302.711833	0.090590	0.369655	11593.626953
9303.696927	1.289227	0.387706	657.505981
9303.697932	1.718595	0.387706	2384.693848
9303.698822	1.686555	0.387706	3885.728027
9303.699797	1.635612	0.387706	5480.449219
9303.700856	1.581555	0.387706	7155.315918
9303.701778	1.536720	0.387706	8572.171875
9303.702647	1.493958	0.387706	9870.420898
9303.703750	0.633571	0.387706	10569.249023
9303.704729	0.091223	0.387706	10658.556641
9303.705609	0.090557	0.387706	10738.246094
9303.706606	0.090677	0.387706	10828.651367
9303.707667	0.090502	0.387706	10924.673828
9303.708552	0.090535	0.387706	11004.796875
9303.709413	0.090634	0.387706	11082.832031
9303.710511	0.090667	0.387706	11182.383789
9303.711470	0.090582	0.387706	11269.251953
9303.712335	0.090571	0.387706	11347.595703
9303.713385	0.090677	0.387706	11442.806641
9304.733263	1.342786	0.389841	760.016724
9304.734314	1.717668	0.389841	2565.286133
9304.735197	1.681710	0.389841	4050.236328
9304.736111	1.633348	0.389841	5543.116699
9304.737195	1.579237	0.389841	7255.009766
9304.738138	1.533332	0.389841	8700.942383
9304.739002	1.491998	0.389841	9990.029297
9304.740085	0.595261	0.389841	10634.697266
9304.741096	0.091007	0.389841	10726.705078
9304.741970	0.090531	0.389841	10805.829102
9304.742923	0.090641	0.389841	10892.209961
9304.743982	0.090579	0.389841	10988.132812
9304.744894	0.090568	0.389841	11070.730469
9304.745763	0.090586	0.389841	11149.449219
9304.746816	0.090663	0.389841	11244.916992
9304.747820	0.090575	0.389841	11335.854492
9304.748709	0.090524	0.389841	11416.330078
9304.749674	0.090659	0.389841	11503.816406
9305.732542	1.194273	0.356289	506.371552
9305.733431	1.711073	0.356289	2027.515503
9305.734501	1.687445	0.356289	3833.081543
9305.735408	1.640325	0.356289	5320.855957
9305.736288	1.595215	0.356289	6724.645020
9305.737288	1.546732	0.356289	8271.376953
9305.738225	1.501124	0.356289	9677.930664
9305.739158	1.068878	0.356289	10675.194336
9305.740022	0.120282	0.356289	10779.118164
9305.741074	0.090458	0.356289	10874.279297
9305.741958	0.090527	0.356289	10954.305664
9305.742832	0.090564	0.356289	11033.458984
9305.743824	0.090549	0.356289	11123.284180
9305.744771	0.090520	0.356289	11209.006836
9305.745683	0.090524	0.356289	11291.564453
9305.746540	0.090513	0.356289	11369.133789
9305.747571	0.090531	0.356289	11462.471680
9305.748473	0.090498	0.356289	11544.100586
9306.778048	1.199440	0.369824	518.157898
9306.778919	1.713387	0.369824	2010.518311
9306.779896	1.693879	0.369824	3665.438477
9306.780908	1.640662	0.369824	5325.788086
9306.781791	1.595369	0.369824	6734.498535
9306.782652	1.551844	0.369824	8070.636719
9306.783724	1.502293	0.369824	9681.093750
9306.784666	1.054479	0.369824	10674.413086
9306.785531	0.118022	0.369824	10776.502930
9306.786494	0.090656	0.369824	10863.803711
9306.787540	0.090582	0.369824	10958.552734
9306.788441	0.090542	0.369824	11040.130859
9306.789304	0.090549	0.369824	11118.275391
9306.790372	0.090509	0.369824	11214.939453
9306.791320	0.090469	0.369824	11300.704102
9306.792197	0.090538	0.369824	11380.106445
9306.793159	0.090626	0.369824	11467.289062
9306.794179	0.090527	0.369824	11559.626953
9307.760164	1.286462	0.332184	663.814636
9307.761112	1.718610	0.332184	2293.056641
9307.761981	1.690162	0.332184	3761.807617
9307.762894	1.641522	0.332184	5260.517578
9307.763977	1.587473	0.332184	6979.750977
9307.764871	1.543660	0.332184	8359.782227
9307.765743	1.501959	0.332184	9669.490234
9307.766780	0.909701	0.332184	10612.849609
9307.767742	0.097430	0.332184	10706.578125
9307.768616	0.090498	0.332184	10785.673828
9307.769506	0.090597	0.332184	10866.304687
9307.770598	0.090579	0.332184	10965.216797
9307.771487	0.090546	0.332184	11045.711914
9307.772346	0.090656	0.332184	11123.584961
9307.773395	0.090685	0.332184	11218.712891
9307.774360	0.090498	0.332184	11306.043945
9307.775231	0.090612	0.332184	11384.966797
9307.776086	0.090637	0.332184	11462.461914
9308.826180	1.323669	0.373055	733.312866
9308.827243	1.717584	0.373055	2559.104980
9308.828119	1.681864	0.373055	4032.417969
9308.829056	1.632590	0.373055	5562.155273
9308.830138	1.577801	0.373055	7269.336426
9308.831072	1.532845	0.373055	8701.013672
9308.831947	1.491024	0.373055	10005.660156
9308.832990	0.599432	0.373055	10630.868164
9308.834010	0.090959	0.373055	10723.646484
9308.834896	0.090549	0.373055	10803.873047
9308.835852	0.090579	0.373055	10890.465820
9308.836897	0.090524	0.373055	10985.063477
9308.837827	0.090502	0.373055	11069.230469
9308.838690	0.090524	0.373055	11147.352539
9308.839750	0.090623	0.373055	11243.412109
9308.840750	0.090487	0.373055	11333.899414
9308.841641	0.090535	0.373055	11414.565430
9308.842619	0.090677	0.373055	11503.248047
9309.793794	1.258231	0.335608	621.566223
9309.794674	1.716486	0.335608	2132.073486
9309.795588	1.691825	0.335608	3678.401367
9309.796683	1.636209	0.335608	5470.049805
9309.797622	1.587623	0.335608	6960.828125
9309.798491	1.544861	0.335608	8303.312500
9309.799519	1.495840	0.335608	9841.036133
9309.800552	0.743313	0.335608	10608.878906
9309.801440	0.094841	0.335608	10693.097656
9309.802393	0.090663	0.335608	10779.499023
9309.803449	0.090670	0.335608	10875.247070
9309.804380	0.090582	0.335608	10959.579102
9309.805243	0.090524	0.335608	11037.701172
9309.806316	0.090659	0.335608	11134.978516
9309.807314	0.090608	0.335608	11225.405273
9309.808205	0.090586	0.335608	11306.117187
9309.809172	0.090718	0.335608	11393.840820
9309.810213	0.090619	0.335608	11488.174805
9310.861753	1.191958	0.347624	505.390167
9310.862808	1.715922	0.347624	2315.687500
9310.863830	1.682604	0.347624	4035.308594
9310.864707	1.635721	0.347624	5469.835937
9310.865680	1.586444	0.347624	7013.445801
9310.866740	1.534893	0.347624	8640.431641
9310.867650	1.491511	0.347624	9997.707031
9310.868523	0.819932	0.347624	10713.507812
9310.869604	0.092889	0.347624	10813.920898
9310.870590	0.090535	0.347624	10903.188477
9310.871482	0.090630	0.347624	10984.030273
9310.872464	0.090615	0.347624	11073.014648
9310.873521	0.090641	0.347624	11168.822266
9310.874419	0.090549	0.347624	11250.135742
9310.875281	0.090593	0.347624	11328.227539
9310.876390	0.090718	0.347624	11428.833984
9310.877357	0.090604	0.347624	11516.448242
9310.878236	0.090619	0.347624	11596.102539
9311.840710	1.192833	0.334496	520.075317
9311.841575	1.713292	0.334496	2002.073120
9311.842623	1.689895	0.334496	3773.083008
9311.843652	1.636483	0.334496	5457.023926
9311.844537	1.590890	0.334496	6864.961426
9311.845481	1.544883	0.334496	8323.331055
9311.846543	1.494851	0.334496	9910.863281
9311.847476	0.829347	0.334496	10684.643555
9311.848332	0.099133	0.334496	10769.501953
9311.849410	0.090681	0.334496	10867.255859
9311.850417	0.090575	0.334496	10958.464844
9311.851285	0.090568	0.334496	11037.077148
9311.852239	0.090677	0.334496	11123.583008
9311.853284	0.090626	0.334496	11218.287109
9311.854200	0.090579	0.334496	11301.256836
9311.855064	0.090579	0.334496	11379.516602
9311.856136	0.090656	0.334496	11476.699219
9311.857141	0.090538	0.334496	11567.690430
9312.887241	1.206940	0.352531	526.225708
9312.888110	1.713241	0.352531	2015.031982
9312.889129	1.690605	0.352531	3737.758789
9312.890172	1.636582	0.352531	5444.713867
9312.891065	1.590520	0.352531	6865.048340
9312.892014	1.544231	0.352531	8330.523437
9312.893098	1.492910	0.352531	9948.837891
9312.894043	0.769585	0.352531	10676.095703
9312.894914	0.096171	0.352531	10759.860352
9312.895985	0.090732	0.352531	10857.035156
9312.896993	0.090546	0.352531	10948.304687
9312.897886	0.090593	0.352531	11029.204102
9312.898862	0.090681	0.352531	11117.708984
9312.899910	0.090612	0.352531	11212.669922
9312.900824	0.090630	0.352531	11295.505859
9312.901688	0.090608	0.352531	11373.791016
9312.902775	0.090685	0.352531	11472.365234
9312.903768	0.090619	0.352531	11562.349609
9313.888804	1.274495	0.353993	679.305603
9313.889871	1.717386	0.353993	2511.757080
9313.890781	1.681366	0.353993	4041.800049
9313.891646	1.634063	0.353993	5455.264160
9313.892767	1.578834	0.353993	7225.137695
9313.893742	1.532091	0.353993	8718.926758
9313.894610	1.490852	0.353993	10012.986328
9313.895750	0.461752	0.353993	10539.382812
9313.896778	0.090641	0.353993	10632.561523
9313.897669	0.090615	0.353993	10713.299805
9313.898607	0.090571	0.353993	10798.255859
9313.899663	0.090718	0.353993	10894.053711
9313.900601	0.090564	0.353993	10979.002930
9313.901466	0.090575	0.353993	11057.350586
9313.902515	0.090740	0.353993	11152.536133
9313.903517	0.090612	0.353993	11243.329102
9313.904396	0.090590	0.353993	11322.957031
9313.905378	0.090641	0.353993	11411.966797
9314.927050	1.205391	0.352934	519.523315
9314.927918	1.713472	0.352934	2006.816650
9314.928947	1.690009	0.352934	3745.835449
9314.929991	1.635952	0.352934	5453.769531
9314.930886	1.589678	0.352934	6876.531250
9314.931848	1.543645	0.352934	8361.517578
9314.932915	1.492588	0.352934	9954.109375
9314.933856	0.766121	0.352934	10675.029297
9314.934720	0.096343	0.352934	10758.269531
9314.935778	0.090758	0.352934	10854.291992
9314.936778	0.090619	0.352934	10944.911133
9314.937666	0.090612	0.352934	11025.374023
9314.938620	0.090659	0.352934	11111.863281
9314.939673	0.090637	0.352934	11207.304687
9314.940592	0.090601	0.352934	11290.566406
9314.941453	0.090626	0.352934	11368.595703
9314.942530	0.090641	0.352934	11466.215820
9314.943527	0.090593	0.352934	11556.537109
9315.916316	1.290425	0.352422	669.730469
9315.917229	1.718049	0.352422	2238.309570
9315.918097	1.689913	0.352422	3705.154297
9315.919198	1.633975	0.352422	5504.160156
9315.920172	1.584152	0.352422	7047.124023
9315.921052	1.541810	0.352422	8403.916992
9315.922080	1.493789	0.352422	9939.532227
9315.923135	0.649940	0.352422	10625.218750
9315.924018	0.092860	0.352422	10707.213867
9315.924890	0.090597	0.352422	10786.214844
9315.926007	0.090652	0.352422	10887.472656
9315.926958	0.090524	0.352422	10973.560547
9315.927818	0.090571	0.352422	11051.452148
9315.928861	0.090663	0.352422	11146.013672
9315.929890	0.090597	0.352422	11239.238281
9315.930757	0.090553	0.352422	11317.748047
9315.931668	0.090619	0.352422	11400.301758
9315.932740	0.090681	0.352422	11497.511719
9316.976153	1.278732	0.354130	648.316956
9316.977070	1.717723	0.354130	2223.469238
9316.977938	1.690635	0.354130	3690.940186
9316.979032	1.635179	0.354130	5479.826172
9316.980037	1.583584	0.354130	7071.328125
9316.980917	1.540800	0.354130	8427.231445
9316.981946	1.492859	0.354130	9963.382812
9316.983011	0.620240	0.354130	10623.938477
9316.983890	0.092274	0.354130	10705.047852
9316.984767	0.090590	0.354130	10784.495117
9316.985878	0.090615	0.354130	10885.168945
9316.986824	0.090494	0.354130	10970.776367
9316.987694	0.090575	0.354130	11049.576172
9316.988707	0.090685	0.354130	11141.439453
9316.989746	0.090549	0.354130	11235.520508
9316.990629	0.090502	0.354130	11315.433594
9316.991548	0.090630	0.354130	11398.722656
9316.992613	0.090648	0.354130	11495.262695
9317.947831	1.192716	0.366356	500.940735
9317.948912	1.716526	0.366356	2356.505127
9317.949902	1.681846	0.366356	4021.532471
9317.950799	1.635069	0.366356	5488.189941
9317.951798	1.584331	0.366356	7070.936523
9317.952867	1.533014	0.366356	8709.728516
9317.953772	1.489574	0.366356	10057.792969
9317.954649	0.743185	0.366356	10709.566406
9317.955753	0.091923	0.366356	10811.048828
9317.956711	0.090615	0.366356	10897.858398
9317.957573	0.090557	0.366356	10975.917969
9317.958625	0.090663	0.366356	11071.294922
9317.959669	0.090593	0.366356	11165.874023
9317.960547	0.090586	0.366356	11245.408203
9317.961470	0.090615	0.366356	11329.045898
9317.962523	0.090677	0.366356	11424.529297
9317.963471	0.090593	0.366356	11510.412109
9317.964329	0.090637	0.366356	11588.178711
9319.014952	1.282661	0.353381	686.223755
9319.016012	1.717115	0.353381	2506.366211
9319.016929	1.681040	0.353381	4047.879883
9319.017794	1.633469	0.353381	5460.831055
9319.018888	1.580178	0.353381	7189.545898
9319.019850	1.533435	0.353381	8664.709961
9319.020731	1.491636	0.353381	9978.840820
9319.021760	0.651705	0.353381	10649.445312
9319.022809	0.091421	0.353381	10745.345703
9319.023690	0.090568	0.353381	10825.135742
9319.024562	0.090677	0.353381	10904.206055
9319.025653	0.090670	0.353381	11003.126953
9319.026609	0.090549	0.353381	11089.692383
9319.027468	0.090546	0.353381	11167.470703
9319.028510	0.090630	0.353381	11261.907227
9319.029558	0.090604	0.353381	11356.860352
9319.030430	0.090542	0.353381	11435.812500
9319.031354	0.090652	0.353381	11519.575195
9319.992823	1.259235	0.356535	608.210266
9319.993709	1.716299	0.356535	2128.851074
9319.994679	1.690228	0.356535	3768.372559
9319.995745	1.633814	0.356535	5510.017578
9319.996678	1.586364	0.356535	6990.094727
9319.997550	1.543041	0.356535	8335.625977
9319.998609	1.493617	0.356535	9917.366211
9319.999628	0.686506	0.356535	10616.916016
9320.000520	0.093614	0.356535	10700.419922
9320.001488	0.090597	0.356535	10788.118164
9320.002545	0.090619	0.356535	10883.902344
9320.003455	0.090509	0.356535	10966.265625
9320.004314	0.090656	0.356535	11044.138672
9320.005397	0.090648	0.356535	11142.310547
9320.006369	0.090505	0.356535	11230.282227
9320.007255	0.090557	0.356535	11310.515625
9320.008250	0.090619	0.356535	11400.681641
9320.009303	0.090597	0.356535	11496.080078
9321.040319	1.192980	0.362449	505.823395
9321.041280	1.711428	0.362449	2150.505859
9321.042335	1.685032	0.362449	3928.214355
9321.043261	1.636201	0.362449	5443.336914
9321.044124	1.590721	0.362449	6816.129395
9321.045202	1.539602	0.362449	8475.820312
9321.046219	1.491306	0.362449	9992.478516
9321.047109	0.811194	0.362449	10714.441406
9321.048106	0.097020	0.362449	10811.170898
9321.049153	0.090615	0.362449	10906.044922
9321.050051	0.090593	0.362449	10987.397461
9321.050906	0.090612	0.362449	11064.870117
9321.051966	0.090575	0.362449	11160.879883
9321.052960	0.090586	0.362449	11250.921875
9321.053850	0.090560	0.362449	11331.520508
9321.054824	0.090619	0.362449	11419.783203
9321.055876	0.090674	0.362449	11515.171875
9321.056780	0.090575	0.362449	11597.051758
9322.040760	1.185033	0.377188	500.083923
9322.041767	1.712102	0.377188	2224.170654
9322.042773	1.685343	0.377188	3919.625732
9322.043651	1.638721	0.377188	5358.422363
9322.044520	1.593603	0.377188	6743.263672
9322.045579	1.542297	0.377188	8376.556641
9322.046520	1.497803	0.377188	9785.989258
9322.047406	1.031689	0.377188	10700.066406
9322.048381	0.113448	0.377188	10810.678711
9322.049400	0.090483	0.377188	10902.880859
9322.050285	0.090564	0.377188	10983.030273
9322.051143	0.090579	0.377188	11060.747070
9322.052220	0.090681	0.377188	11158.411133
9322.053151	0.090590	0.377188	11242.750000
9322.054023	0.090601	0.377188	11321.753906
9322.054993	0.090615	0.377188	11409.650391
9322.056009	0.090645	0.377188	11501.745117
9322.056898	0.090634	0.377188	11582.318359
9323.076064	1.247278	0.374203	560.027771
9323.076950	1.714948	0.374203	2079.471436
9323.077814	1.694473	0.374203	3543.495605
9323.078913	1.639523	0.374203	5345.331055
9323.079823	1.592406	0.374203	6794.420410
9323.080693	1.549720	0.374203	8142.677246
9323.081703	1.502878	0.374203	9660.583984
9323.082717	0.964940	0.374203	10639.033203
9323.083592	0.106469	0.374203	10732.193359
9323.084453	0.090549	0.374203	10810.156250
9323.085536	0.090681	0.374203	10908.364258
9323.086445	0.090575	0.374203	10990.697266
9323.087325	0.090623	0.374203	11070.445312
9323.088297	0.090692	0.374203	11158.597656
9323.089305	0.090560	0.374203	11249.882812
9323.090192	0.090634	0.374203	11330.274414
9323.091051	0.090579	0.374203	11408.081055
9323.092134	0.090630	0.374203	11506.233398
9324.076486	1.217362	0.353147	529.552490
9324.077407	1.715259	0.353147	2109.305908
9324.078271	1.693821	0.353147	3572.767090
9324.079306	1.641141	0.353147	5271.348633
9324.080210	1.595189	0.353147	6713.399414
9324.081092	1.551848	0.353147	8082.129395
9324.082072	1.505731	0.353147	9557.746094
9324.083017	1.132189	0.353147	10627.664062
9324.083951	0.122318	0.353147	10741.909180
9324.084810	0.090516	0.353147	10819.663086
9324.085837	0.090608	0.353147	10912.717773
9324.086719	0.090564	0.353147	10992.594727
9324.087594	0.090571	0.353147	11071.844727
9324.088578	0.090601	0.353147	11160.996094
9324.089530	0.090670	0.353147	11247.314453
9324.090425	0.090538	0.353147	11328.346680
9324.091300	0.090553	0.353147	11407.580078
9324.092322	0.090645	0.353147	11500.218750
9325.120953	1.188567	0.364145	501.575256
9325.121947	1.713050	0.364145	2204.347412
9325.122887	1.688386	0.364145	3791.430420
9325.123813	1.640826	0.364145	5310.835449
9325.124677	1.595449	0.364145	6689.303711
9325.125715	1.545546	0.364145	8293.580078
9325.126597	1.503398	0.364145	9619.577148
9325.127468	1.198279	0.364145	10663.278320
9325.128454	0.144324	0.364145	10805.581055
9325.129391	0.090535	0.364145	10890.412109
9325.130308	0.090586	0.364145	10973.479492
9325.131186	0.090560	0.364145	11052.991211
9325.132212	0.090615	0.364145	11145.962891
9325.133112	0.090571	0.364145	11227.476562
9325.133981	0.090524	0.364145	11306.141602
9325.134871	0.090652	0.364145	11386.821289
9325.135886	0.090586	0.364145	11478.765625
9325.136810	0.090557	0.364145	11562.440430
9326.106075	1.216608	0.360060	537.740601
9326.106951	1.713743	0.360060	2038.979126
9326.107813	1.696945	0.360060	3501.745361
9326.108844	1.643906	0.360060	5196.612793
9326.109749	1.596804	0.360060	6641.720703
9326.110662	1.552115	0.360060	8058.802246
9326.111543	1.510221	0.360060	9389.306641
9326.112519	1.224408	0.360060	10584.329102
9326.113469	0.136860	0.360060	10714.346680
9326.114357	0.090476	0.360060	10794.689453
9326.115351	0.090652	0.360060	10884.797852
9326.116253	0.090612	0.360060	10966.529297
9326.117178	0.090553	0.360060	11050.291016
9326.118039	0.090549	0.360060	11128.253906
9326.119091	0.090502	0.360060	11223.461914
9326.119967	0.090553	0.360060	11302.786133
9326.120834	0.090546	0.360060	11381.289062
9326.121812	0.090630	0.360060	11469.924805
9327.166908	1.191537	0.361848	504.020050
9327.167771	1.711293	0.361848	1980.865601
9327.168829	1.689097	0.361848	3767.929932
9327.169731	1.641870	0.361848	5248.896973
9327.170609	1.597126	0.361848	6651.173828
9327.171570	1.550277	0.361848	8140.990234
9327.172550	1.503274	0.361848	9614.198242
9327.173476	1.128724	0.361848	10659.396484
9327.174344	0.131558	0.361848	10773.588867
9327.175387	0.090586	0.361848	10868.070312
9327.176270	0.090527	0.361848	10948.005859
9327.177135	0.090590	0.361848	11026.366211
9327.178036	0.090615	0.361848	11108.010742
9327.179042	0.090648	0.361848	11199.203125
9327.179959	0.090509	0.361848	11282.200195
9327.180833	0.090579	0.361848	11361.366211
9327.181823	0.090696	0.361848	11451.155273
9327.182745	0.090608	0.361848	11534.695312
9328.138781	1.291230	0.371041	676.604736
9328.139672	1.716207	0.371041	2205.745361
9328.140615	1.689331	0.371041	3798.784668
9328.141480	1.642027	0.371041	5219.138672
9328.142466	1.592666	0.371041	6789.507324
9328.143399	1.546860	0.371041	8232.728516
9328.144287	1.504860	0.371041	9569.043945
9328.145318	1.027610	0.371041	10628.509766
9328.146221	0.110164	0.371041	10727.987305
9328.147135	0.090494	0.371041	10810.699219
9328.148009	0.090571	0.371041	10889.858398
9328.148964	0.090549	0.371041	10976.333008
9328.149911	0.090535	0.371041	11062.069336
9328.150786	0.090586	0.371041	11141.332031
9328.151785	0.090586	0.371041	11231.827148
9328.152691	0.090531	0.371041	11313.848633
9328.153598	0.090571	0.371041	11395.997070
9328.154470	0.090652	0.371041	11475.045898
9329.207739	1.212631	0.348901	515.368042
9329.208791	1.717339	0.348901	2322.008545
9329.209674	1.687921	0.348901	3812.442871
9329.210561	1.642027	0.348901	5268.921387
9329.211560	1.591326	0.348901	6858.655762
9329.212498	1.544271	0.348901	8307.181641
9329.213436	1.500633	0.348901	9714.775391
9329.214303	1.107737	0.348901	10675.183594
9329.215343	0.103616	0.348901	10782.944336
9329.216231	0.090469	0.348901	10863.280273
9329.217104	0.090568	0.348901	10942.345703
9329.218096	0.090623	0.348901	11032.243164
9329.219044	0.090575	0.348901	11118.108398
9329.219966	0.090590	0.348901	11201.631836
9329.220825	0.090538	0.348901	11279.404297
9329.221854	0.090641	0.348901	11372.673828
9329.222749	0.090553	0.348901	11453.718750
9329.223624	0.090579	0.348901	11532.974609
9330.175448	1.221218	0.374191	533.672363
9330.176337	1.713681	0.374191	2057.134277
9330.177202	1.696732	0.374191	3524.807617
9330.178296	1.641061	0.374191	5320.127930
9330.179192	1.593182	0.374191	6747.619141
9330.180104	1.548699	0.374191	8160.032227
9330.180986	1.505090	0.374191	9487.521484
9330.182037	1.064619	0.374191	10606.436523
9330.182929	0.115844	0.374191	10709.768555
9330.183802	0.090483	0.374191	10788.760742
9330.184797	0.090615	0.374191	10878.922852
9330.185732	0.090509	0.374191	10963.548828
9330.186653	0.090502	0.374191	11046.901367
9330.187515	0.090557	0.374191	11124.960937
9330.188554	0.090520	0.374191	11219.011719
9330.189431	0.090546	0.374191	11298.419922
9330.190297	0.090487	0.374191	11376.781250
9330.191256	0.090659	0.374191	11463.723633
9331.243449	1.188790	0.323922	501.669464
9331.244518	1.715402	0.323922	2335.433838
9331.245472	1.684526	0.323922	3942.471924
9331.246346	1.638512	0.323922	5374.531250
9331.247271	1.590516	0.323922	6845.758789
9331.248347	1.538496	0.323922	8501.180664
9331.249241	1.495862	0.323922	9838.481445
9331.250114	0.993417	0.323922	10705.734375
9331.251148	0.099207	0.323922	10808.313477
9331.252110	0.090472	0.323922	10895.347656
9331.252982	0.090505	0.323922	10974.268555
9331.253896	0.090568	0.323922	11057.046875
9331.254974	0.090494	0.323922	11154.599609
9331.255861	0.090505	0.323922	11234.877930
9331.256721	0.090549	0.323922	11312.750000
9331.257756	0.090538	0.323922	11406.457031
9331.258718	0.090524	0.323922	11493.541016
9331.259589	0.090604	0.323922	11572.457031
9332.214337	1.311555	0.387098	712.174438
9332.215304	1.718251	0.387098	2373.722900
9332.216186	1.686632	0.387098	3861.332520
9332.217083	1.638091	0.387098	5330.700195
9332.218187	1.584287	0.387098	7079.752930
9332.219073	1.540382	0.387098	8444.531250
9332.219937	1.499502	0.387098	9740.100586
9332.220979	0.850624	0.387098	10626.450195
9332.221935	0.095760	0.387098	10717.997070
9332.222797	0.090586	0.387098	10796.082031
9332.223660	0.090579	0.387098	10874.250977
9332.224785	0.090590	0.387098	10976.164062
9332.225690	0.090538	0.387098	11058.101562
9332.226554	0.090586	0.387098	11136.368164
9332.227599	0.090688	0.387098	11231.137695
9332.228563	0.090575	0.387098	11318.452148
9332.229442	0.090509	0.387098	11398.009766
9332.230300	0.090626	0.387098	11475.766602
9333.280342	1.338831	0.317617	777.860596
9333.281394	1.717236	0.317617	2584.393311
9333.282278	1.680729	0.317617	4070.157715
9333.283169	1.632766	0.317617	5524.952148
9333.284249	1.579153	0.317617	7230.437500
9333.285209	1.532904	0.317617	8702.025391
9333.286073	1.491508	0.317617	9990.687500
9333.287119	0.631150	0.317617	10650.870117
9333.288160	0.091168	0.317617	10745.776367
9333.289035	0.090663	0.317617	10825.106445
9333.289959	0.090608	0.317617	10908.828125
9333.291026	0.090652	0.317617	11005.553711
9333.291960	0.090571	0.317617	11090.147461
9333.292828	0.090575	0.317617	11168.766602
9333.293872	0.090637	0.317617	11263.391602
9333.294885	0.090542	0.317617	11355.110352
9333.295766	0.090549	0.317617	11434.884766
9333.296727	0.090612	0.317617	11521.962891
9334.255039	1.200311	0.387682	512.532898
9334.255917	1.712908	0.387682	2016.465820
9334.256936	1.690082	0.387682	3738.659180
9334.257987	1.635850	0.387682	5457.937012
9334.258883	1.589246	0.387682	6881.900879
9334.259791	1.544520	0.387682	8284.325195
9334.260867	1.494122	0.387682	9892.000977
9334.261823	0.818009	0.387682	10674.017578
9334.262683	0.098492	0.387682	10758.720703
9334.263727	0.090692	0.387682	10853.403320
9334.264752	0.090560	0.387682	10946.227539
9334.265628	0.090586	0.387682	11025.581055
9334.266578	0.090699	0.387682	11111.745117
9334.267639	0.090637	0.387682	11207.911133
9334.268572	0.090560	0.387682	11292.404297
9334.269427	0.090637	0.387682	11369.899414
9334.270459	0.090685	0.387682	11463.486328
9334.271469	0.090590	0.387682	11554.981445
9335.315900	1.189424	0.341968	503.126282
9335.316948	1.715768	0.341968	2301.250977
9335.317964	1.682607	0.341968	4010.780273
9335.318853	1.635373	0.341968	5464.627441
9335.319796	1.587601	0.341968	6961.735352
9335.320853	1.535922	0.341968	8585.205078
9335.321787	1.491705	0.341968	9978.458008
9335.322657	0.856827	0.341968	10723.897461
9335.323721	0.094347	0.341968	10824.282227
9335.324738	0.090601	0.341968	10916.422852
9335.325611	0.090557	0.341968	10995.478516
9335.326577	0.090601	0.341968	11082.999023
9335.327622	0.090623	0.341968	11177.699219
9335.328540	0.090568	0.341968	11260.839844
9335.329405	0.090641	0.341968	11339.244141
9335.330479	0.090615	0.341968	11436.564453
9335.331487	0.090564	0.341968	11527.852539
9335.332376	0.090491	0.341968	11608.298828
9336.293902	1.271023	0.377019	639.324585
9336.294864	1.717899	0.377019	2291.943604
9336.295733	1.689650	0.377019	3760.249023
9336.296770	1.635172	0.377019	5455.922363
9336.297816	1.582097	0.377019	7110.795898
9336.298710	1.538467	0.377019	8486.185547
9336.299645	1.494445	0.377019	9883.491211
9336.300723	0.659952	0.377019	10594.919922
9336.301669	0.091849	0.377019	10681.809570
9336.302532	0.090502	0.377019	10759.912109
9336.303594	0.090590	0.377019	10856.118164
9336.304610	0.090612	0.377019	10948.179687
9336.305499	0.090516	0.377019	11028.648437
9336.306452	0.090648	0.377019	11115.036133
9336.307502	0.090663	0.377019	11210.232422
9336.308421	0.090546	0.377019	11293.444336
9336.309278	0.090546	0.377019	11371.041992
9336.310336	0.090623	0.377019	11466.920898
9337.354692	1.213729	0.349792	527.972229
9337.355575	1.713688	0.349792	2041.158447
9337.356597	1.689829	0.349792	3768.163818
9337.357650	1.635487	0.349792	5490.331543
9337.358546	1.588444	0.349792	6913.577148
9337.359442	1.543792	0.349792	8296.814453
9337.360544	1.492833	0.349792	9941.916992
9337.361494	0.778923	0.349792	10681.894531
9337.362356	0.096852	0.349792	10765.380859
9337.363408	0.090663	0.349792	10860.757812
9337.364435	0.090542	0.349792	10953.744141
9337.365316	0.090524	0.349792	11033.495117
9337.366259	0.090674	0.349792	11119.000977
9337.367324	0.090670	0.349792	11215.564453
9337.368251	0.090571	0.349792	11299.524414
9337.369106	0.090546	0.349792	11376.941406
9337.370138	0.090645	0.349792	11470.486328
9337.371155	0.090498	0.349792	11562.522461
9338.328505	1.185209	0.369740	497.787689
9338.329445	1.710458	0.369740	2105.617920
9338.330511	1.684405	0.369740	3901.194092
9338.331462	1.635011	0.369740	5456.089355
9338.332337	1.590022	0.369740	6847.358398
9338.333374	1.539456	0.369740	8443.773437
9338.334408	1.491013	0.369740	9985.481445
9338.335299	0.808458	0.369740	10705.817383
9338.336261	0.097701	0.369740	10799.805664
9338.337305	0.090667	0.369740	10894.461914
9338.338216	0.090516	0.369740	10976.921875
9338.339077	0.090535	0.369740	11054.872070
9338.340135	0.090608	0.369740	11150.735352
9338.341120	0.090524	0.369740	11239.901367
9338.342004	0.090575	0.369740	11319.969727
9338.342972	0.090604	0.369740	11407.674805
9338.344023	0.090659	0.369740	11502.958008
9338.344930	0.090575	0.369740	11585.109375
9339.393552	1.275157	0.336985	642.679382
9339.394529	1.718156	0.336985	2321.317383
9339.395401	1.688796	0.336985	3793.947754
9339.396457	1.633004	0.336985	5518.400391
9339.397506	1.580358	0.336985	7176.195312
9339.398403	1.536603	0.336985	8554.528320
9339.399340	1.492192	0.336985	9952.712891
9339.400415	0.599626	0.336985	10597.311523
9339.401347	0.091575	0.336985	10682.659180
9339.402216	0.090527	0.336985	10761.327148
9339.403268	0.090659	0.336985	10856.700195
9339.404289	0.090564	0.336985	10949.166016
9339.405182	0.090579	0.336985	11030.052734
9339.406136	0.090667	0.336985	11116.548828
9339.407190	0.090542	0.336985	11211.980469
9339.408114	0.090531	0.336985	11295.630859
9339.408972	0.090663	0.336985	11373.419922
9339.410042	0.090667	0.336985	11470.432617
9340.365300	1.266273	0.369184	604.012268
9340.366178	1.715222	0.369184	2109.977295
9340.367178	1.689639	0.369184	3799.615967
9340.368077	1.640918	0.369184	5274.801270
9340.368995	1.594083	0.369184	6738.169922
9340.369875	1.549691	0.369184	8101.898437
9340.370922	1.501498	0.369184	9673.966797
9340.371826	1.098358	0.369184	10666.882812
9340.372743	0.117711	0.369184	10774.824219
9340.373607	0.090509	0.369184	10853.024414
9340.374608	0.090568	0.369184	10943.682617
9340.375536	0.090516	0.369184	11027.681641
9340.376398	0.090549	0.369184	11105.735352
9340.377435	0.090612	0.369184	11199.699219
9340.378320	0.090557	0.369184	11279.841797
9340.379183	0.090568	0.369184	11358.001953
9340.380109	0.090710	0.369184	11442.000000
9340.381088	0.090634	0.369184	11530.730469
9341.431230	1.196946	0.328876	509.898895
9341.432110	1.713007	0.328876	2017.344727
9341.432977	1.696146	0.328876	3487.903320
9341.434041	1.642559	0.328876	5235.585937
9341.434938	1.596302	0.328876	6667.469238
9341.435818	1.552782	0.328876	8033.917480
9341.436779	1.507694	0.328876	9482.811523
9341.437755	1.179624	0.328876	10634.125000
9341.438680	0.132719	0.328876	10756.889648
9341.439544	0.090454	0.328876	10835.041992
9341.440585	0.090553	0.328876	10929.307617
9341.441465	0.090531	0.328876	11008.974609
9341.442329	0.090509	0.328876	11087.174805
9341.443206	0.090615	0.328876	11166.644531
9341.444251	0.090542	0.328876	11261.260742
9341.445146	0.090538	0.328876	11342.292969
9341.446017	0.090461	0.328876	11421.084961
9341.447013	0.090641	0.328876	11511.363281
9342.406159	1.238752	0.370243	630.524963
9342.407209	1.717295	0.370243	2433.684570
9342.408102	1.683673	0.370243	3937.204590
9342.408966	1.637780	0.370243	5352.246094
9342.410024	1.584525	0.370243	7028.673828
9342.410989	1.537910	0.370243	8512.756836
9342.411862	1.496155	0.370243	9818.900391
9342.412789	0.894935	0.370243	10648.505859
9342.413870	0.094720	0.370243	10750.898437
9342.414743	0.090557	0.370243	10829.954102
9342.415609	0.090597	0.370243	10908.411133
9342.416631	0.090630	0.370243	11001.035156
9342.417605	0.090531	0.370243	11089.211914
9342.418477	0.090597	0.370243	11168.212891
9342.419360	0.090597	0.370243	11248.209961
9342.420468	0.090634	0.370243	11348.631836
9342.421361	0.090531	0.370243	11429.475586
9342.422222	0.090619	0.370243	11507.498047
9343.465914	1.210994	0.339177	512.250305
9343.467037	1.716588	0.339177	2439.978760
9343.467919	1.685079	0.339177	3926.218750
9343.468780	1.639611	0.339177	5337.923340
9343.469804	1.586796	0.339177	6962.801758
9343.470791	1.539448	0.339177	8482.237305
9343.471672	1.497470	0.339177	9801.507812
9343.472554	0.964636	0.339177	10652.317383
9343.473678	0.095801	0.339177	10759.997070
9343.474577	0.090516	0.339177	10841.371094
9343.475440	0.090601	0.339177	10919.559570
9343.476536	0.090663	0.339177	11018.925781
9343.477507	0.090546	0.339177	11106.845703
9343.478382	0.090487	0.339177	11186.021484
9343.479271	0.090619	0.339177	11266.582031
9343.480365	0.090626	0.339177	11365.727539
9343.481247	0.090502	0.339177	11445.549805
9343.482105	0.090623	0.339177	11523.303711
9344.447935	1.194441	0.372080	511.220673
9344.448800	1.711772	0.372080	1991.903809
9344.449869	1.688053	0.372080	3796.432617
9344.450828	1.637996	0.372080	5367.270508
9344.451709	1.592754	0.372080	6770.486816
9344.452641	1.547157	0.372080	8212.437500
9344.453688	1.497825	0.372080	9780.660156
9344.454576	1.028229	0.372080	10693.727539
9344.455433	0.115437	0.372080	10792.657227
9344.456496	0.090699	0.372080	10889.070312
9344.457433	0.090612	0.372080	10973.973633
9344.458295	0.090590	0.372080	11052.061523
9344.459194	0.090656	0.372080	11133.560547
9344.460283	0.090626	0.372080	11232.252930
9344.461180	0.090586	0.372080	11313.508789
9344.462043	0.090637	0.372080	11391.728516
9344.463055	0.090656	0.372080	11483.471680
9344.464035	0.090549	0.372080	11572.209961
9345.495603	1.275721	0.356333	693.992432
9345.496658	1.716738	0.356333	2505.151367
9345.497573	1.680418	0.356333	4042.733398
9345.498437	1.633282	0.356333	5453.889648
9345.499541	1.579054	0.356333	7197.165039
9345.500543	1.530513	0.356333	8730.738281
9345.501428	1.488743	0.356333	10048.275391
9345.502438	0.613374	0.356333	10667.783203
9345.503497	0.091084	0.356333	10764.241211
9345.504380	0.090582	0.356333	10844.225586
9345.505254	0.090699	0.356333	10923.497070
9345.506345	0.090725	0.356333	11022.478516
9345.507301	0.090571	0.356333	11109.064453
9345.508167	0.090553	0.356333	11187.483398
9345.509193	0.090710	0.356333	11280.552734
9345.510227	0.090597	0.356333	11374.229492
9345.511114	0.090630	0.356333	11454.618164
9345.512039	0.090630	0.356333	11538.451172
9346.493888	1.191031	0.363174	510.952484
9346.494760	1.712655	0.363174	2004.387695
9346.495671	1.694952	0.363174	3548.489258
9346.496746	1.640241	0.363174	5311.748047
9346.497640	1.594091	0.363174	6736.865234
9346.498508	1.550951	0.363174	8083.090820
9346.499535	1.502424	0.363174	9626.080078
9346.500514	1.048202	0.363174	10652.269531
9346.501386	0.114924	0.363174	10752.483398
9346.502248	0.090538	0.363174	10830.527344
9346.503350	0.090593	0.363174	10930.361328
9346.504229	0.090637	0.363174	11010.031250
9346.505087	0.090608	0.363174	11087.772461
9346.506191	0.090677	0.363174	11187.880859
9346.507149	0.090626	0.363174	11274.701172
9346.508026	0.090586	0.363174	11354.145508
9346.508882	0.090586	0.363174	11431.687500
9346.509975	0.090696	0.363174	11530.818359
9347.529279	1.306582	0.357759	730.379395
9347.530282	1.717976	0.357759	2453.509277
9347.531186	1.682992	0.357759	3974.934082
9347.532060	1.635205	0.357759	5404.103516
9347.533159	1.581592	0.357759	7142.272949
9347.534061	1.537222	0.357759	8528.846680
9347.534934	1.495767	0.357759	9834.651367
9347.535949	0.802101	0.357759	10648.783203
9347.536950	0.093131	0.357759	10742.007812
9347.537822	0.090593	0.357759	10821.004883
9347.538802	0.090641	0.357759	10909.833008
9347.539857	0.090663	0.357759	11005.482422
9347.540753	0.090659	0.357759	11086.712891
9347.541622	0.090626	0.357759	11165.466797
9347.542723	0.090670	0.357759	11265.294922
9347.543691	0.090608	0.357759	11353.002930
9347.544566	0.090527	0.357759	11432.214844
9347.545568	0.090729	0.357759	11523.125000
9348.534722	1.192057	0.367641	510.200348
9348.535712	1.711252	0.367641	2204.340088
9348.536735	1.684270	0.367641	3927.348145
9348.537617	1.637626	0.367641	5371.733887
9348.538599	1.588865	0.367641	6931.999023
9348.539659	1.536771	0.367641	8560.976562
9348.540572	1.492841	0.367641	9923.940430
9348.541448	0.901263	0.367641	10713.447266
9348.542423	0.101689	0.367641	10812.594727
9348.543436	0.090612	0.367641	10904.383789
9348.544327	0.090542	0.367641	10985.056641
9348.545297	0.090590	0.367641	11072.928711
9348.546342	0.090575	0.367641	11167.579102
9348.547262	0.090524	0.367641	11250.861328
9348.548122	0.090604	0.367641	11328.781250
9348.549202	0.090670	0.367641	11426.705078
9348.550193	0.090579	0.367641	11516.468750
9348.551086	0.090615	0.367641	11597.387695
9349.572132	1.300891	0.365856	675.162476
9349.573178	1.717225	0.365856	2471.380127
9349.574072	1.682710	0.365856	3975.722900
9349.575012	1.633733	0.365856	5511.431641
9349.576091	1.578790	0.365856	7214.946289
9349.577039	1.533007	0.365856	8668.236328
9349.577905	1.491277	0.365856	9959.681641
9349.578966	0.614919	0.365856	10612.111328
9349.579971	0.091219	0.365856	10703.787109
9349.580859	0.090560	0.365856	10784.205078
9349.581838	0.090656	0.365856	10872.957031
9349.582877	0.090656	0.365856	10967.148437
9349.583787	0.090568	0.365856	11049.565430
9349.584649	0.090568	0.365856	11127.634766
9349.585717	0.090656	0.365856	11224.455078
9349.586716	0.090527	0.365856	11314.891602
9349.587587	0.090604	0.365856	11393.807617
9349.588556	0.090656	0.365856	11481.652344
9350.565416	1.294113	0.371879	669.056213
9350.566456	1.717031	0.371879	2454.768799
9350.567340	1.683461	0.371879	3942.948242
9350.568293	1.633876	0.371879	5500.031738
9350.569365	1.579325	0.371879	7193.068359
9350.570299	1.534211	0.371879	8626.021484
9350.571161	1.492251	0.371879	9912.341797
9350.572234	0.650940	0.371879	10610.800781
9350.573246	0.091304	0.371879	10703.200195
9350.574117	0.090608	0.371879	10782.120117
9350.575091	0.090652	0.371879	10870.415039
9350.576153	0.090586	0.371879	10966.617187
9350.577056	0.090546	0.371879	11048.379883
9350.577926	0.090601	0.371879	11127.202148
9350.578999	0.090634	0.371879	11224.452148
9350.579979	0.090612	0.371879	11313.251953
9350.580876	0.090509	0.371879	11394.438477
9350.581858	0.090736	0.371879	11483.541016
9351.616960	1.199106	0.360116	514.416687
9351.617827	1.711556	0.360116	1998.335937
9351.618916	1.686361	0.360116	3834.783203
9351.619921	1.634004	0.360116	5476.957031
9351.620816	1.588326	0.360116	6898.509277
9351.621802	1.541052	0.360116	8417.986328
9351.622860	1.491185	0.360116	9995.660156
9351.623764	0.778700	0.360116	10699.604492
9351.624641	0.096815	0.360116	10784.511719
9351.625737	0.090688	0.360116	10883.906250
9351.626710	0.090590	0.360116	10972.049805
9351.627574	0.090590	0.360116	11050.319336
9351.628620	0.090645	0.360116	11145.133789
9351.629646	0.090560	0.360116	11238.048828
9351.630517	0.090590	0.360116	11316.952148
9351.631439	0.090579	0.360116	11400.465820
9351.632495	0.090626	0.360116	11496.166992
9351.633433	0.090549	0.360116	11581.102539
9352.596000	1.286905	0.344704	660.182495
9352.596893	1.716874	0.344704	2193.350586
9352.597755	1.690748	0.344704	3650.775635
9352.598873	1.634744	0.344704	5478.418945
9352.599851	1.584346	0.344704	7027.909180
9352.600715	1.542187	0.344704	8360.359375
9352.601747	1.494478	0.344704	9902.660156
9352.602789	0.698229	0.344704	10630.214844
9352.603656	0.093629	0.344704	10711.391602
9352.604534	0.090604	0.344704	10790.942383
9352.605638	0.090564	0.344704	10890.924805
9352.606599	0.090513	0.344704	10977.907227
9352.607467	0.090608	0.344704	11056.554687
9352.608483	0.090612	0.344704	11148.616211
9352.609518	0.090648	0.344704	11242.437500
9352.610406	0.090619	0.344704	11322.907227
9352.611330	0.090659	0.344704	11406.676758
9352.612393	0.090667	0.344704	11503.055664
9353.657822	1.224741	0.346255	563.380981
9353.658914	1.716182	0.346255	2437.451172
9353.659865	1.681099	0.346255	4036.175781
9353.660726	1.635447	0.346255	5444.295410
9353.661761	1.582438	0.346255	7082.118652
9353.662812	1.532388	0.346255	8692.658203
9353.663700	1.489841	0.346255	10015.637695
9353.664670	0.713921	0.346255	10708.140625
9353.665722	0.091611	0.346255	10804.515625
9353.666648	0.090535	0.346255	10888.350586
9353.667511	0.090560	0.346255	10966.503906
9353.668569	0.090586	0.346255	11062.343750
9353.669583	0.090538	0.346255	11154.149414
9353.670470	0.090476	0.346255	11234.401367
9353.671430	0.090696	0.346255	11321.469727
9353.672475	0.090637	0.346255	11416.185547
9353.673397	0.090542	0.346255	11499.665039
9353.674258	0.090590	0.346255	11577.663086
9354.636746	1.215231	0.366082	531.055847
9354.637615	1.711769	0.366082	2018.583008
9354.638733	1.684629	0.366082	3901.998047
9354.639701	1.634194	0.366082	5483.897949
9354.640567	1.589744	0.366082	6860.616211
9354.641610	1.539488	0.366082	8466.302734
9354.642649	1.490643	0.366082	10015.081055
9354.643532	0.795311	0.366082	10717.340820
9354.644448	0.097603	0.366082	10806.745117
9354.645522	0.090634	0.366082	10904.085937
9354.646460	0.090586	0.366082	10989.055664
9354.647318	0.090586	0.366082	11066.778320
9354.648347	0.090688	0.366082	11160.096680
9354.649396	0.090535	0.366082	11255.067383
9354.650269	0.090575	0.366082	11334.139648
9354.651221	0.090597	0.366082	11420.387695
9354.652274	0.090692	0.366082	11515.886719
9354.653206	0.090494	0.366082	11600.227539
9355.688472	1.272473	0.358332	641.326416
9355.689467	1.717445	0.358332	2350.184326
9355.690347	1.687013	0.358332	3834.755859
9355.691325	1.635758	0.358332	5434.527344
9355.692406	1.581636	0.358332	7144.275391
9355.693295	1.537449	0.358332	8511.067383
9355.694169	1.493855	0.358332	9816.696289
9355.695299	0.640144	0.358332	10540.058594
9355.696255	0.091703	0.358332	10627.726562
9355.697125	0.090564	0.358332	10706.517578
9355.698170	0.090571	0.358332	10801.165039
9355.699205	0.090571	0.358332	10894.906250
9355.700098	0.090590	0.358332	10975.802734
9355.701026	0.090582	0.358332	11059.863281
9355.702100	0.090718	0.358332	11157.293945
9355.703042	0.090546	0.358332	11242.587891
9355.703908	0.090590	0.358332	11321.038086
9355.704965	0.090549	0.358332	11416.749023
9356.683707	1.193485	0.341924	510.811646
9356.684725	1.714135	0.341924	2255.800781
9356.685785	1.681003	0.341924	4037.664551
9356.686673	1.633861	0.341924	5488.533203
9356.687606	1.586400	0.341924	6968.644531
9356.688690	1.533768	0.341924	8631.249023
9356.689641	1.489153	0.341924	10047.433594
9356.690512	0.777334	0.341924	10724.491211
9356.691584	0.092472	0.341924	10823.621094
9356.692588	0.090553	0.341924	10914.536133
9356.693478	0.090560	0.341924	10995.134766
9356.694430	0.090659	0.341924	11081.442383
9356.695485	0.090645	0.341924	11177.072266
9356.696403	0.090546	0.341924	11260.193359
9356.697261	0.090608	0.341924	11337.934570
9356.698335	0.090670	0.341924	11435.314453
9356.699337	0.090604	0.341924	11526.099609
9356.700212	0.090593	0.341924	11605.369141
9357.719996	1.188083	0.335664	501.371185
9357.720955	1.710835	0.335664	2142.062012
9357.722031	1.683453	0.335664	3953.457764
9357.722942	1.634923	0.335664	5442.872559
9357.723812	1.589780	0.335664	6825.981445
9357.724889	1.537903	0.335664	8482.302734
9357.725894	1.490079	0.335664	9979.832031
9357.726790	0.804115	0.335664	10700.319336
9357.727759	0.097057	0.335664	10794.367187
9357.728809	0.090637	0.335664	10889.536133
9357.729719	0.090505	0.335664	10971.896484
9357.730635	0.090509	0.335664	11054.802734
9357.731512	0.090542	0.335664	11134.208008
9357.732446	0.090542	0.335664	11218.774414
9357.733397	0.090505	0.335664	11304.844727
9357.734283	0.090608	0.335664	11385.123047
9357.735227	0.090535	0.335664	11470.587891
9357.736188	0.090502	0.335664	11557.559570
9358.722511	1.223668	0.337795	540.861328
9358.723398	1.714091	0.337795	2061.259766
9358.724272	1.696069	0.337795	3543.624512
9358.725277	1.644346	0.337795	5196.191895
9358.726221	1.594717	0.337795	6701.604492
9358.727156	1.549428	0.337795	8150.319336
9358.728025	1.507013	0.337795	9459.914062
9358.729075	1.109583	0.337795	10624.975586
9358.729954	0.126167	0.337795	10735.875977
9358.730820	0.090483	0.337795	10814.234375
9358.731820	0.090677	0.337795	10904.912109
9358.732764	0.090575	0.337795	10990.415039
9358.733669	0.090553	0.337795	11072.365234
9358.734549	0.090634	0.337795	11152.123047
9358.735573	0.090590	0.337795	11244.886719
9358.736476	0.090535	0.337795	11326.639648
9358.737351	0.090524	0.337795	11405.847656
9358.738272	0.090604	0.337795	11489.293945
9359.758853	1.271818	0.352063	618.103333
9359.759736	1.715303	0.352063	2132.715576
9359.760598	1.693444	0.352063	3592.463867
9359.761640	1.639285	0.352063	5300.598633
9359.762601	1.590458	0.352063	6829.028320
9359.763478	1.547443	0.352063	8186.135742
9359.764397	1.503380	0.352063	9567.742187
9359.765463	0.973477	0.352063	10605.468750
9359.766355	0.105505	0.352063	10699.579102
9359.767217	0.090425	0.352063	10777.525391
9359.768275	0.090586	0.352063	10873.365234
9359.769243	0.090417	0.352063	10960.889648
9359.770116	0.090469	0.352063	11039.869141
9359.771018	0.090502	0.352063	11121.501953
9359.772093	0.090516	0.352063	11218.806641
9359.772969	0.090502	0.352063	11298.085937
9359.773827	0.090494	0.352063	11375.730469
9359.774862	0.090590	0.352063	11469.490234
9360.755219	1.277003	0.351999	643.609619
9360.756114	1.716555	0.351999	2179.926270
9360.756997	1.691613	0.351999	3673.620117
9360.757997	1.639362	0.351999	5312.981445
9360.759000	1.587982	0.351999	6905.727539
9360.759896	1.544110	0.351999	8289.250000
9360.760761	1.501373	0.351999	9587.937500
9360.761878	0.877093	0.351999	10567.651367
9360.762791	0.097456	0.351999	10656.628906
9360.763666	0.090447	0.351999	10735.769531
9360.764675	0.090604	0.351999	10827.189453
9360.765662	0.090498	0.351999	10916.510742
9360.766548	0.090575	0.351999	10996.759766
9360.767405	0.090509	0.351999	11074.326172
9360.768509	0.090549	0.351999	11174.292969
9360.769405	0.090487	0.351999	11255.369141
9360.770268	0.090480	0.351999	11333.453125
9360.771253	0.090608	0.351999	11422.702148
9361.804827	1.288436	0.343749	654.525635
9361.805768	1.717504	0.343749	2270.696533
9361.806634	1.689650	0.343749	3733.933105
9361.807705	1.634044	0.343749	5483.994141
9361.808732	1.581874	0.343749	7108.578613
9361.809615	1.538855	0.343749	8467.387695
9361.810599	1.493298	0.343749	9936.792969
9361.811663	0.635101	0.343749	10612.541016
9361.812576	0.091992	0.343749	10696.530273
9361.813434	0.090571	0.343749	10774.240234
9361.814523	0.090615	0.343749	10872.919922
9361.815526	0.090502	0.343749	10963.693359
9361.816395	0.090465	0.343749	11042.307617
9361.817376	0.090524	0.343749	11131.111328
9361.818427	0.090553	0.343749	11226.282227
9361.819328	0.090509	0.343749	11307.831055
9361.820192	0.090509	0.343749	11386.031250
9361.821299	0.090549	0.343749	11486.269531
9362.784800	1.291238	0.341304	661.113708
9362.785726	1.717174	0.341304	2251.216797
9362.786610	1.689254	0.341304	3744.517578
9362.787582	1.639197	0.341304	5337.816895
9362.788618	1.585675	0.341304	6980.576172
9362.789512	1.542290	0.341304	8359.383789
9362.790379	1.500220	0.341304	9660.074219
9362.791477	0.835767	0.341304	10577.746094
9362.792414	0.095471	0.341304	10667.202148
9362.793290	0.090498	0.341304	10746.478516
9362.794238	0.090674	0.341304	10832.437500
9362.795264	0.090542	0.341304	10925.333984
9362.796143	0.090553	0.341304	11004.929687
9362.797000	0.090527	0.341304	11082.511719
9362.798057	0.090641	0.341304	11178.319336
9362.798991	0.090564	0.341304	11262.906250
9362.799862	0.090575	0.341304	11341.796875
9362.800787	0.090659	0.341304	11425.656250
9363.846587	1.206398	0.316215	515.131775
9363.847690	1.716061	0.316215	2407.946777
9363.848680	1.679264	0.316215	4070.417969
9363.849588	1.632191	0.316215	5552.447266
9363.850588	1.581555	0.316215	7134.002441
9363.851666	1.530128	0.316215	8783.480469
9363.852562	1.486893	0.316215	10115.736328
9363.853448	0.682701	0.316215	10720.609375
9363.854549	0.091436	0.316215	10821.280273
9363.855496	0.090590	0.316215	10907.068359
9363.856359	0.090527	0.316215	10985.193359
9363.857396	0.090685	0.316215	11079.233398
9363.858417	0.090509	0.316215	11171.643555
9363.859296	0.090579	0.316215	11251.261719
9363.860220	0.090699	0.316215	11335.068359
9363.861283	0.090692	0.316215	11431.473633
9363.862215	0.090553	0.316215	11515.869141
9363.863072	0.090524	0.316215	11593.448242
9364.821543	1.294277	0.351322	688.555542
9364.822432	1.716976	0.351322	2214.947510
9364.823299	1.689060	0.351322	3679.362549
9364.824416	1.632810	0.351322	5503.211426
9364.825391	1.583584	0.351322	7047.206055
9364.826265	1.541023	0.351322	8394.060547
9364.827284	1.492760	0.351322	9915.182617
9364.828326	0.662816	0.351322	10605.836914
9364.829216	0.092904	0.351322	10688.521484
9364.830149	0.090527	0.351322	10772.983398
9364.831204	0.090549	0.351322	10868.512695
9364.832149	0.090487	0.351322	10954.023437
9364.833010	0.090546	0.351322	11031.983398
9364.834066	0.090557	0.351322	11127.611328
9364.835074	0.090406	0.351322	11218.741211
9364.835952	0.090450	0.351322	11298.156250
9364.836925	0.090597	0.351322	11386.306641
9364.837975	0.090593	0.351322	11481.429687
9365.883393	1.229458	0.317218	611.040588
9365.884458	1.715918	0.317218	2438.493164
9365.885401	1.680531	0.317218	4023.233887
9365.886275	1.634030	0.317218	5451.375977
9365.887345	1.580240	0.317218	7142.233398
9365.888360	1.531315	0.317218	8696.517578
9365.889254	1.488966	0.317218	10027.653320
9365.890234	0.657594	0.317218	10672.095703
9365.891288	0.091252	0.317218	10768.275391
9365.892198	0.090509	0.317218	10850.638672
9365.893060	0.090579	0.317218	10928.717773
9365.894139	0.090652	0.317218	11026.531250
9365.895120	0.090516	0.317218	11115.328125
9365.896008	0.090542	0.317218	11195.729492
9365.897002	0.090626	0.317218	11285.811523
9365.898044	0.090582	0.317218	11380.198242
9365.898937	0.090509	0.317218	11461.022461
9365.899795	0.090593	0.317218	11538.751953
9366.863387	1.252683	0.362658	655.153259
9366.864447	1.715914	0.362658	2474.022461
9366.865375	1.680300	0.362658	4033.341064
9366.866237	1.633718	0.362658	5441.606445
9366.867324	1.580182	0.362658	7159.264160
9366.868326	1.531242	0.362658	8693.568359
9366.869204	1.489695	0.362658	10001.520508
9366.870216	0.652353	0.362658	10661.702148
9366.871261	0.091267	0.362658	10757.076172
9366.872146	0.090538	0.362658	10837.202148
9366.873011	0.090520	0.362658	10915.501953
9366.874102	0.090634	0.362658	11014.382812
9366.875078	0.090546	0.362658	11102.755859
9366.875960	0.090579	0.362658	11182.646484
9366.876965	0.090707	0.362658	11273.806641
9366.878033	0.090535	0.362658	11370.498047
9366.878922	0.090553	0.362658	11451.000000
9366.879812	0.090604	0.362658	11531.637695
9367.915963	1.189753	0.335076	500.886200
9367.916966	1.714314	0.335076	2220.343018
9367.918017	1.681934	0.335076	3988.055176
9367.918914	1.634828	0.335076	5454.495605
9367.919856	1.587129	0.335076	6949.571289
9367.920921	1.535369	0.335076	8584.738281
9367.921851	1.491310	0.335076	9971.656250
9367.922731	0.836744	0.335076	10707.991211
9367.923789	0.093629	0.335076	10807.050781
9367.924793	0.090604	0.335076	10898.017578
9367.925680	0.090626	0.335076	10978.403320
9367.926640	0.090798	0.335076	11065.569336
9367.927672	0.090641	0.335076	11159.110352
9367.928580	0.090637	0.335076	11241.409180
9367.929439	0.090710	0.335076	11319.329102
9367.930506	0.090776	0.335076	11416.187500
9367.931515	0.090538	0.335076	11507.541016
9367.932389	0.090601	0.335076	11586.725586
9368.905159	1.198575	0.357095	517.784546
9368.906026	1.711567	0.357095	2001.713501
9368.907102	1.686969	0.357095	3816.892090
9368.908103	1.634623	0.357095	5453.149414
9368.908993	1.589414	0.357095	6867.728027
9368.909993	1.541371	0.357095	8409.098633
9368.911041	1.491647	0.357095	9972.344727
9368.911943	0.807235	0.357095	10700.470703
9368.912797	0.098225	0.357095	10784.354492
9368.913893	0.090637	0.357095	10883.693359
9368.914885	0.090531	0.357095	10973.500000
9368.915760	0.090553	0.357095	11052.733398
9368.916757	0.090674	0.357095	11143.134766
9368.917817	0.090688	0.357095	11239.264648
9368.918690	0.090568	0.357095	11318.330078
9368.919552	0.090623	0.357095	11396.446289
9368.920658	0.090648	0.357095	11496.703125
9368.921624	0.090527	0.357095	11584.152344
9369.950746	1.284393	0.320711	653.756226
9369.951669	1.717309	0.320711	2238.833008
9369.952543	1.689434	0.320711	3715.397949
9369.953600	1.634773	0.320711	5443.353027
9369.954616	1.583419	0.320711	7052.106934
9369.955505	1.540078	0.320711	8421.236328
9369.956479	1.494393	0.320711	9876.775391
9369.957543	0.672759	0.320711	10592.590820
9369.958455	0.092662	0.320711	10677.098633
9369.959319	0.090634	0.320711	10755.406250
9369.960408	0.090725	0.320711	10854.206055
9369.961396	0.090527	0.320711	10943.647461
9369.962291	0.090579	0.320711	11024.714844
9369.963285	0.090729	0.320711	11114.899414
9369.964339	0.090663	0.320711	11210.458008
9369.965243	0.090590	0.320711	11292.350586
9369.966102	0.090652	0.320711	11370.220703
9369.967201	0.090707	0.320711	11469.907227
9370.944968	1.203329	0.356897	527.058044
9370.945842	1.712530	0.356897	2023.809814
9370.946909	1.687046	0.356897	3823.887695
9370.947908	1.634374	0.356897	5456.626953
9370.948807	1.588696	0.356897	6884.864746
9370.949796	1.541364	0.356897	8409.273437
9370.950850	1.491420	0.356897	9981.229492
9370.951758	0.789111	0.356897	10697.742187
9370.952614	0.097482	0.356897	10781.186523
9370.953712	0.090714	0.356897	10880.791016
9370.954666	0.090535	0.356897	10967.161133
9370.955539	0.090579	0.356897	11046.236328
9370.956562	0.090696	0.356897	11139.018555
9370.957606	0.090582	0.356897	11233.586914
9370.958484	0.090568	0.356897	11313.105469
9370.959339	0.090751	0.356897	11390.697266
9370.960444	0.090674	0.356897	11490.891602
9370.961397	0.090604	0.356897	11577.237305
9371.985339	1.186135	0.334448	501.735229
9371.986340	1.711630	0.334448	2215.076660
9371.987383	1.683135	0.334448	3970.586182
9371.988286	1.635194	0.334448	5447.166504
9371.989148	1.589604	0.334448	6817.405762
9371.990239	1.537826	0.334448	8495.173828
9371.991232	1.490486	0.334448	9975.226562
9371.992123	0.819104	0.334448	10705.047852
9371.993117	0.096672	0.334448	10801.140625
9371.994167	0.090601	0.334448	10896.271484
9371.995056	0.090531	0.334448	10976.753906
9371.995938	0.090612	0.334448	11056.672852
9371.997031	0.090641	0.334448	11155.743164
9371.997985	0.090553	0.334448	11242.130859
9371.998854	0.090509	0.334448	11320.783203
9371.999880	0.090714	0.334448	11413.855469
9372.000917	0.090597	0.334448	11507.804687
9372.001810	0.090568	0.334448	11588.681641
9372.984768	1.198942	0.350529	513.147034
9372.985646	1.712776	0.350529	2016.964111
9372.986507	1.696187	0.350529	3477.380859
9372.987572	1.642515	0.350529	5226.659180
9372.988470	1.595984	0.350529	6659.852539
9372.989349	1.552753	0.350529	8024.722168
9372.990317	1.507610	0.350529	9484.088867
9372.991289	1.175841	0.350529	10627.006836
9372.992214	0.132990	0.350529	10750.022461
9372.993080	0.090531	0.350529	10828.421875
9372.994124	0.090681	0.350529	10923.092773
9372.994992	0.090619	0.350529	11001.750000
9372.995866	0.090571	0.350529	11080.909180
9372.996768	0.090641	0.350529	11162.666992
9372.997805	0.090538	0.350529	11256.555664
9372.998700	0.090579	0.350529	11337.623047
9372.999572	0.090601	0.350529	11416.626953
9373.000572	0.090637	0.350529	11507.263672
9374.023228	1.283320	0.329601	713.526062
9374.024244	1.717115	0.329601	2458.115234
9374.025136	1.682721	0.329601	3959.102295
9374.025995	1.636088	0.329601	5364.501465
9374.027097	1.582310	0.329601	7108.206543
9374.028012	1.537170	0.329601	8514.717773
9374.028885	1.495573	0.329601	9820.352539
9374.029870	0.826989	0.329601	10634.936523
9374.030873	0.093530	0.329601	10728.747070
9374.031765	0.090538	0.329601	10809.506836
9374.032628	0.090663	0.329601	10887.749023
9374.033700	0.090674	0.329601	10984.951172
9374.034640	0.090630	0.329601	11070.143555
9374.035515	0.090677	0.329601	11149.486328
9374.036491	0.090685	0.329601	11237.995117
9374.037511	0.090604	0.329601	11330.411133
9374.038401	0.090590	0.329601	11411.036133
9374.039261	0.090579	0.329601	11488.933594
9375.021505	1.191141	0.339757	509.808502
9375.022369	1.711761	0.339757	1988.770386
9375.023394	1.689613	0.339757	3720.623535
9375.024350	1.639991	0.339757	5288.455078
9375.025229	1.594567	0.339757	6690.079102
9375.026131	1.549464	0.339757	8087.695801
9375.027226	1.499282	0.339757	9729.410156
9375.028134	1.044196	0.339757	10677.540039
9375.029001	0.115605	0.339757	10777.769531
9375.030064	0.090663	0.339757	10874.144531
9375.031037	0.090623	0.339757	10962.320312
9375.031901	0.090535	0.339757	11040.541992
9375.032940	0.090736	0.339757	11134.816406
9375.033960	0.090549	0.339757	11227.176758
9375.034838	0.090553	0.339757	11306.682617
9375.035762	0.090597	0.339757	11390.394531
9375.036811	0.090652	0.339757	11485.488281
9375.037752	0.090568	0.339757	11570.712891
9376.060871	1.194507	0.322991	521.999512
9376.061736	1.712065	0.322991	2002.936035
9376.062774	1.689331	0.322991	3756.461670
9376.063822	1.634784	0.322991	5469.715332
9376.064710	1.588982	0.322991	6880.731445
9376.065627	1.543586	0.322991	8296.200195
9376.066694	1.493522	0.322991	9889.788086
9376.067645	0.821521	0.322991	10671.054687
9376.068503	0.098295	0.322991	10755.391602
9376.069515	0.090652	0.322991	10847.130859
9376.070542	0.090659	0.322991	10940.238281
9376.071434	0.090560	0.322991	11021.018555
9376.072368	0.090674	0.322991	11105.708008
9376.073419	0.090619	0.322991	11200.948242
9376.074355	0.090597	0.322991	11285.747070
9376.075220	0.090608	0.322991	11364.123047
9376.076274	0.090670	0.322991	11459.689453
9376.077294	0.090623	0.322991	11552.124023
9377.058234	1.189036	0.333602	502.962067
9377.059217	1.711934	0.333602	2185.792725
9377.060293	1.682640	0.333602	3996.313965
9377.061178	1.634861	0.333602	5443.166016
9377.062048	1.588173	0.333602	6824.875977
9377.063160	1.536021	0.333602	8532.930664
9377.064134	1.490629	0.333602	9984.802734
9377.065008	0.837762	0.333602	10717.006836
9377.066034	0.094805	0.333602	10814.276367
9377.067080	0.090670	0.333602	10909.117187
9377.067968	0.090546	0.333602	10989.521484
9377.068885	0.090667	0.333602	11072.663086
9377.069966	0.090623	0.333602	11170.625977
9377.070909	0.090549	0.333602	11256.013672
9377.071770	0.090604	0.333602	11334.023437
9377.072832	0.090623	0.333602	11430.264648
9377.073852	0.090568	0.333602	11522.643555
9377.074739	0.090590	0.333602	11602.996094
9378.100677	1.191540	0.306817	517.128540
9378.101548	1.712509	0.306817	2008.723511
9378.102436	1.694912	0.306817	3513.805664
9378.103540	1.639926	0.306817	5324.283691
9378.104427	1.593245	0.306817	6737.491699
9378.105291	1.550870	0.306817	8077.443848
9378.106387	1.499348	0.306817	9720.729492
9378.107354	0.972015	0.306817	10660.667969
9378.108225	0.107509	0.306817	10754.307617
9378.109087	0.090568	0.306817	10832.376953
9378.110221	0.090604	0.306817	10935.122070
9378.111115	0.090502	0.306817	11016.030273
9378.111983	0.090553	0.306817	11094.629883
9378.113003	0.090696	0.306817	11187.139648
9378.113986	0.090590	0.306817	11276.189453
9378.114863	0.090575	0.306817	11355.624023
9378.115721	0.090670	0.306817	11433.418945
9378.116844	0.090601	0.306817	11535.163086
9379.091903	1.194064	0.346363	509.865234
9379.092938	1.714405	0.346363	2284.274902
9379.093903	1.685028	0.346363	3910.327148
9379.094769	1.638710	0.346363	5329.449707
9379.095653	1.590872	0.346363	6735.780273
9379.096785	1.539049	0.346363	8477.983398
9379.097684	1.495983	0.346363	9822.872070
9379.098556	1.012262	0.346363	10705.564453
9379.099579	0.101602	0.346363	10809.502930
9379.100550	0.090527	0.346363	10897.405273
9379.101428	0.090564	0.346363	10976.920898
9379.102286	0.090670	0.346363	11054.715820
9379.103407	0.090670	0.346363	11156.357422
9379.104307	0.090597	0.346363	11237.894531
9379.105188	0.090568	0.346363	11317.684570
9379.106197	0.090626	0.346363	11409.125977
9379.107181	0.090524	0.346363	11498.201172
9379.108067	0.090597	0.346363	11578.469727
9380.142524	1.204146	0.293262	514.170166
9380.143554	1.716544	0.293262	2282.210693
9380.144457	1.687654	0.293262	3806.162109
9380.145337	1.641647	0.293262	5250.811523
9380.146321	1.592380	0.293262	6817.713867
9380.147285	1.543923	0.293262	8306.055664
9380.148211	1.500425	0.293262	9695.449219
9380.149080	1.125601	0.293262	10673.595703
9380.150121	0.108834	0.293262	10786.892578
9380.150994	0.090498	0.293262	10865.897461
9380.151859	0.090619	0.293262	10944.283203
9380.152778	0.090549	0.293262	11027.498047
9380.153761	0.090619	0.293262	11116.576172
9380.154681	0.090509	0.293262	11199.844727
9380.155546	0.090630	0.293262	11278.239258
9380.156646	0.090652	0.293262	11377.956055
9380.157553	0.090575	0.293262	11460.107422
9380.158425	0.090520	0.293262	11539.041016
9381.127666	1.238950	0.341038	578.589722
9381.128553	1.714204	0.341038	2099.088867
9381.129416	1.694033	0.341038	3561.039551
9381.130386	1.643064	0.341038	5154.811523
9381.131319	1.596087	0.341038	6643.959961
9381.132212	1.551874	0.341038	8029.783203
9381.133089	1.509020	0.341038	9353.193359
9381.134081	1.219537	0.341038	10562.974609
9381.135016	0.142628	0.341038	10696.332031
9381.135881	0.090450	0.341038	10774.571289
9381.136918	0.090487	0.341038	10868.406250
9381.137806	0.090509	0.341038	10948.778320
9381.138721	0.090557	0.341038	11031.637695
9381.139580	0.090579	0.341038	11109.444336
9381.140563	0.090538	0.341038	11198.443359
9381.141463	0.090608	0.341038	11279.990234
9381.142336	0.090619	0.341038	11359.100586
9381.143353	0.090549	0.341038	11451.189453
9382.184381	1.192983	0.284645	505.824951
9382.185377	1.711835	0.284645	2210.812256
9382.186442	1.681501	0.284645	4001.611328
9382.187350	1.633608	0.284645	5484.927734
9382.188218	1.586708	0.284645	6862.189941
9382.189337	1.534563	0.284645	8579.366211
9382.190304	1.489303	0.284645	10019.522461
9382.191221	0.741383	0.284645	10699.371094
9382.192101	0.094574	0.284645	10782.595703
9382.193000	0.090542	0.284645	10863.993164
9382.193974	0.090546	0.284645	10952.184570
9382.194888	0.090538	0.284645	11034.936523
9382.195752	0.090604	0.284645	11113.218750
9382.196775	0.090531	0.284645	11205.832031
9382.197659	0.090498	0.284645	11285.832031
9382.198575	0.090546	0.284645	11368.771484
9382.199443	0.090461	0.284645	11447.291992
9382.200424	0.090538	0.284645	11536.110352
9383.162399	1.289451	0.349663	661.488159
9383.163395	1.717383	0.349663	2372.001465
9383.164278	1.685830	0.349663	3860.589355
9383.165289	1.633425	0.349663	5511.982422
9383.166342	1.580475	0.349663	7176.222656
9383.167238	1.535922	0.349663	8552.408203
9383.168103	1.493170	0.349663	9844.000000
9383.169213	0.664416	0.349663	10581.501953
9383.170171	0.091666	0.349663	10669.318359
9383.171027	0.090564	0.349663	10746.840820
9383.172076	0.090637	0.349663	10841.918945
9383.173143	0.090531	0.349663	10938.515625
9383.174011	0.090582	0.349663	11017.140625
9383.174937	0.090641	0.349663	11101.074219
9383.176005	0.090586	0.349663	11197.820312
9383.176949	0.090480	0.349663	11283.233398
9383.177856	0.090502	0.349663	11365.318359
9383.178738	0.090542	0.349663	11445.176758
9384.221129	1.196781	0.292912	521.796509
9384.221992	1.711959	0.292912	1999.217285
9384.223035	1.688676	0.292912	3760.505859
9384.223939	1.640977	0.292912	5243.948730
9384.224814	1.596079	0.292912	6640.518066
9384.225749	1.550248	0.292912	8090.000000
9384.226739	1.503442	0.292912	9578.408203
9384.227648	1.160372	0.292912	10633.186523
9384.228542	0.134553	0.292912	10753.477539
9384.229556	0.090502	0.292912	10845.246094
9384.230454	0.090509	0.292912	10926.523437
9384.231365	0.090498	0.292912	11008.966797
9384.232223	0.090553	0.292912	11086.661133
9384.233268	0.090472	0.292912	11181.205078
9384.234139	0.090502	0.292912	11260.032227
9384.235013	0.090513	0.292912	11339.140625
9384.235990	0.090568	0.292912	11427.625000
9384.236928	0.090535	0.292912	11512.546875
9385.201078	1.183407	0.345445	495.847504
9385.202069	1.710780	0.345445	2191.230469
9385.203092	1.683900	0.345445	3913.860352
9385.203995	1.636743	0.345445	5391.839355
9385.204861	1.591124	0.345445	6769.752930
9385.205954	1.539152	0.345445	8452.045898
9385.206878	1.495020	0.345445	9833.444336
9385.207759	0.981823	0.345445	10698.429687
9385.208738	0.108717	0.345445	10804.863281
9385.209755	0.090469	0.345445	10896.870117
9385.210629	0.090531	0.345445	10975.994141
9385.211497	0.090586	0.345445	11054.623047
9385.212542	0.090604	0.345445	11149.304687
9385.213470	0.090542	0.345445	11233.328125
9385.214347	0.090564	0.345445	11312.752930
9385.215299	0.090604	0.345445	11399.007812
9385.216328	0.090590	0.345445	11492.224609
9385.217218	0.090535	0.345445	11572.800781
9386.255899	1.277073	0.301782	646.198853
9386.256817	1.716760	0.301782	2222.184814
9386.257687	1.690876	0.301782	3693.247314
9386.258687	1.639189	0.301782	5332.436523
9386.259693	1.587638	0.301782	6929.600098
9386.260573	1.543693	0.301782	8288.049805
9386.261442	1.501578	0.301782	9592.921875
9386.262518	0.917732	0.301782	10580.401367
9386.263439	0.100093	0.301782	10672.586914
9386.264319	0.090494	0.301782	10752.221680
9386.265286	0.090659	0.301782	10839.888672
9386.266308	0.090593	0.301782	10932.474609
9386.267193	0.090579	0.301782	11012.636719
9386.268052	0.090586	0.301782	11090.450195
9386.269136	0.090667	0.301782	11188.732422
9386.270057	0.090557	0.301782	11272.134766
9386.270925	0.090487	0.301782	11350.677734
9386.271905	0.090659	0.301782	11439.523437
9387.245073	1.242118	0.331519	635.964355
9387.246115	1.716599	0.331519	2424.660645
9387.247016	1.682633	0.331519	3940.712891
9387.247883	1.636454	0.331519	5359.518555
9387.248954	1.582500	0.331519	7054.375977
9387.249903	1.536687	0.331519	8512.691406
9387.250784	1.494855	0.331519	9829.658203
9387.251739	0.860002	0.331519	10650.960937
9387.252783	0.093490	0.331519	10748.564453
9387.253666	0.090520	0.331519	10828.493164
9387.254527	0.090568	0.331519	10906.471680
9387.255593	0.090604	0.331519	11003.055664
9387.256533	0.090491	0.331519	11088.117187
9387.257407	0.090461	0.331519	11167.180664
9387.258337	0.090582	0.331519	11251.421875
9387.259394	0.090608	0.331519	11347.194336
9387.260265	0.090542	0.331519	11426.056641
9387.261127	0.090502	0.331519	11504.069336
9388.287421	1.186824	0.311237	503.213257
9388.288414	1.710443	0.311237	2201.683105
9388.289431	1.684076	0.311237	3914.388184
9388.290321	1.637377	0.311237	5371.653320
9388.291181	1.592406	0.311237	6741.122559
9388.292242	1.541202	0.311237	8376.337891
9388.293180	1.496777	0.311237	9780.314453
9388.294066	1.025643	0.311237	10689.034180
9388.295037	0.113009	0.311237	10798.765625
9388.296062	0.090505	0.311237	10891.533203
9388.296946	0.090593	0.311237	10971.617187
9388.297805	0.090590	0.311237	11049.433594
9388.298873	0.090601	0.311237	11146.195312
9388.299822	0.090520	0.311237	11232.098633
9388.300698	0.090524	0.311237	11311.397461
9388.301643	0.090538	0.311237	11396.956055
9388.302672	0.090553	0.311237	11490.134766
9388.303543	0.090564	0.311237	11569.015625
9389.289930	1.211664	0.331990	529.497070
9389.290798	1.712479	0.331990	2015.929077
9389.291797	1.690016	0.331990	3704.254883
9389.292797	1.637318	0.331990	5341.573242
9389.293693	1.592362	0.331990	6768.329590
9389.294556	1.547816	0.331990	8104.094727
9389.295667	1.497565	0.331990	9767.888672
9389.296585	0.981321	0.331990	10668.741211
9389.297466	0.107417	0.331990	10763.375977
9389.298461	0.090575	0.331990	10853.498047
9389.299452	0.090480	0.331990	10943.163086
9389.300353	0.090531	0.331990	11024.731445
9389.301216	0.090579	0.331990	11102.900391
9389.302307	0.090560	0.331990	11201.702148
9389.303202	0.090520	0.331990	11282.717773
9389.304070	0.090564	0.331990	11361.327148
9389.305068	0.090667	0.331990	11451.812500
9389.306070	0.090476	0.331990	11542.469727
9390.321080	1.202505	0.325859	505.052032
9390.322168	1.716108	0.325859	2372.177979
9390.323084	1.684504	0.325859	3915.184082
9390.323962	1.638347	0.325859	5353.652832
9390.324967	1.588048	0.325859	6949.641113
9390.325980	1.537925	0.325859	8507.558594
9390.326875	1.495737	0.325859	9846.243164
9390.327742	0.973121	0.325859	10689.939453
9390.328801	0.097537	0.325859	10793.230469
9390.329716	0.090454	0.325859	10875.996094
9390.330594	0.090557	0.325859	10955.504883
9390.331557	0.090597	0.325859	11042.750000
9390.332575	0.090494	0.325859	11134.873047
9390.333462	0.090487	0.325859	11215.134766
9390.334425	0.090564	0.325859	11302.347656
9390.335481	0.090502	0.325859	11397.916992
9390.336397	0.090535	0.325859	11480.846680
9390.337258	0.090579	0.325859	11558.834961
9391.326660	1.199103	0.319362	516.813293
9391.327658	1.710600	0.319362	2223.992676
9391.328705	1.682267	0.319362	3985.326172
9391.329620	1.633982	0.319362	5480.419922
9391.330482	1.588638	0.319362	6849.825684
9391.331535	1.537760	0.319362	8469.086914
9391.332545	1.490343	0.319362	9974.333984
9391.333439	0.812585	0.319362	10700.785156
9391.334433	0.096687	0.319362	10796.891602
9391.335485	0.090571	0.319362	10892.172852
9391.336388	0.090557	0.319362	10973.945312
9391.337251	0.090505	0.319362	11052.051758
9391.338347	0.090590	0.319362	11151.337891
9391.339319	0.090480	0.319362	11239.284180
9391.340188	0.090505	0.319362	11317.933594
9391.341270	0.090553	0.319362	11415.912109
9391.342303	0.090546	0.319362	11509.445312
9391.343193	0.090553	0.319362	11590.037109
9392.362951	1.211594	0.320453	527.043457
9392.363817	1.711337	0.320453	2009.061035
9392.364907	1.685870	0.320453	3846.659668
9392.365866	1.635249	0.320453	5414.863281
9392.366743	1.590549	0.320453	6809.774902
9392.367769	1.541807	0.320453	8391.668945
9392.368813	1.492427	0.320453	9949.762695
9392.369701	0.854703	0.320453	10708.739258
9392.370581	0.100305	0.320453	10797.007812
9392.371672	0.090575	0.320453	10895.825195
9392.372629	0.090542	0.320453	10982.473633
9392.373486	0.090560	0.320453	11060.083984
9392.374520	0.090674	0.320453	11153.840820
9392.375575	0.090546	0.320453	11249.366211
9392.376443	0.090476	0.320453	11327.899414
9392.377378	0.090656	0.320453	11412.662109
9392.378464	0.090509	0.320453	11510.955078
9392.379399	0.090491	0.320453	11595.563477
9393.357316	1.227883	0.308940	610.257996
9393.358370	1.715753	0.308940	2418.661865
9393.359307	1.681165	0.308940	3993.913086
9393.360172	1.635007	0.308940	5408.194336
9393.361233	1.582178	0.308940	7086.884766
9393.362262	1.532190	0.308940	8663.507812
9393.363146	1.490076	0.308940	9980.734375
9393.364134	0.697438	0.308940	10669.802734
9393.365210	0.091472	0.308940	10768.226562
9393.366110	0.090516	0.308940	10849.691406
9393.366983	0.090586	0.308940	10928.772461
9393.368052	0.090707	0.308940	11025.738281
9393.369046	0.090458	0.308940	11115.653320
9393.369941	0.090557	0.308940	11196.701172
9393.370918	0.090667	0.308940	11285.282227
9393.371955	0.090546	0.308940	11379.177734
9393.372854	0.090483	0.308940	11460.522461
9393.373715	0.090516	0.308940	11538.457031
9394.407943	1.267350	0.307877	627.338196
9394.408934	1.717075	0.307877	2328.959717
9394.409831	1.686127	0.307877	3841.415527
9394.410820	1.634824	0.307877	5458.256836
9394.411870	1.581500	0.307877	7118.832031
9394.412779	1.536749	0.307877	8515.737305
9394.413644	1.493947	0.307877	9808.000977
9394.414763	0.664102	0.307877	10551.130859
9394.415719	0.091721	0.307877	10638.816406
9394.416588	0.090494	0.307877	10717.456055
9394.417640	0.090579	0.307877	10812.745117
9394.418665	0.090604	0.307877	10905.614258
9394.419547	0.090586	0.307877	10985.510742
9394.420441	0.090601	0.307877	11066.507812
9394.421539	0.090637	0.307877	11166.027344
9394.422477	0.090491	0.307877	11250.907227
9394.423335	0.090571	0.307877	11328.617187
9394.424381	0.090696	0.307877	11423.485352
